0 0.1566415025 0.7513635412499999 0.14521273499999998 0.7472546687499999 0.13433981 0.76141885375 0.13054244625 0.768357575 0.1424963 0.7774550725 0.1457924475 0.7769918287500001 0.15921368125000002 0.7696655425 0.1566415025 0.7513635412499999
0 0.39087960125000004 0.8283073575000001 0.38389677749999995 0.7998266562499999 0.3657514425 0.817977795 0.375560695 0.8339497699999999 0.38840759875 0.8426149662500001 0.39008473250000003 0.84237926 0.39204533875 0.8366020125 0.39087960125000004 0.8283073575000001
0 0.44726592875000004 0.8583662775 0.45999786125 0.8351018225 0.45977936625 0.83354714875 0.44064166625 0.8204080324999999 0.42039877750000004 0.81557256125 0.42246087375 0.8517277787499999 0.42506872125 0.8690196924999999 0.42536790500000005 0.868977645 0.44726592875000004 0.8583662775
0 0.4676458775 0.726847025 0.50689708 0.7107444475 0.5066154724999999 0.70874070375 0.49848394375 0.6936011462499999 0.4858252675 0.6845016075 0.47725260625 0.66522259125 0.45345109 0.6738713625 0.44455912374999995 0.68306741625 0.4475298425 0.68567820625 0.43205248374999994 0.68301183125 0.42372832375 0.6943269750000001 0.411941615 0.70543429 0.41635219625 0.7303708775 0.4159980675 0.73455702375 0.42768855250000004 0.73358706125 0.45382363249999996 0.72991401625 0.4676458775 0.726847025
0 0.5215642675000001 0.6254466075 0.49665610625 0.627960685 0.49528166125 0.62815385 0.49560615124999996 0.64674375 0.4993366 0.67191091375 0.499470605 0.6795879600000001 0.5130335975 0.7023894375 0.537760775 0.716855135 0.5392109725 0.71665132375 0.56550511 0.69160003875 0.5672391075000001 0.6652404037499999 0.57196579375 0.6527984075000001 0.57069775625 0.64377584375 0.56787638375 0.63889991 0.5513678175 0.63589692125 0.53153069125 0.63075791125 0.5215642675000001 0.6254466075
0 0.57171231125 0.6312973525000001 0.57285462125 0.63113681125 0.5774110100000001 0.62017220375 0.5921362837499999 0.6077048625 0.59032450625 0.59481339625 0.5730800375 0.5896871287500001 0.5639205125 0.60022373375 0.55084310625 0.61763172875 0.55075666375 0.6270841425 0.57171231125 0.6312973525000001
0 0.51001645875 0.54432594875 0.5055492375 0.52871873125 0.48108160875000006 0.51846142 0.4637954625 0.5216890525 0.44513395625 0.53171627625 0.42987237125 0.54243114125 0.42591845 0.54623204125 0.43227856000000003 0.5620279775 0.4450760775 0.55824638 0.45347993875 0.572686335 0.47136941875 0.5822854025 0.47554828375 0.58169810125 0.49744970625 0.56176184625 0.5107516400000001 0.5495570275 0.51001645875 0.54432594875
0 0.55679671125 0.5269015287500001 0.53907822625 0.5185044 0.51836421 0.5210524675 0.5206033975 0.53549451875 0.54295181 0.54193032625 0.54868488 0.54112459625 0.55691169375 0.5277196712500001 0.55679671125 0.5269015287500001
0 0.6209455475 0.552226425 0.61440736875 0.53498294625 0.5951689975 0.5394244725 0.5707514874999999 0.550690395 0.58208316375 0.57177473875 0.58703685875 0.5710785425 0.62178787375 0.5582198875000001 0.6209455475 0.552226425
0 0.5646233675 0.43119081625 0.53504255625 0.45361058 0.536539905 0.46122086125 0.5292691825 0.49016015500000004 0.55105783875 0.50769099125 0.58847551625 0.51407355125 0.59928908125 0.51255380375 0.63119879125 0.4904577325 0.6310540487499999 0.48942784375000004 0.61892511625 0.46129679625000003 0.5968494275 0.43828907375 0.5646233675 0.43119081625
0 0.7458476125 0.497880625 0.7261716162499999 0.47953284875 0.6993258675 0.46510446875 0.6687457875 0.46946506 0.6594920875 0.48734912375 0.6301614675 0.49605626875 0.632176545 0.52232730625 0.6524831475 0.5380815075000001 0.6658293999999999 0.5431032837499999 0.68327153 0.55629135625 0.68509609875 0.55603493 0.7204501775 0.53570804875 0.7403601675 0.50867143 0.7460654187500001 0.49943040000000005 0.7458476125 0.497880625
0 0.63236689625 0.46372506375 0.6646722075 0.4591848475 0.6641514137500001 0.45547920499999994 0.65057107625 0.42874764249999997 0.618678195 0.44225504 0.63236689625 0.46372506375
0 0.673189825 0.36710329375 0.66866055 0.33487582875 0.66794898375 0.33050009 0.64452801375 0.34538334125 0.6059496625 0.34934967375 0.60248270625 0.3626492475 0.630111325 0.37315758125000004 0.673189825 0.36710329375
0 0.7070178224999999 0.347335005 0.70696939625 0.34699043625000003 0.6802288799999999 0.35014372875 0.68508033625 0.37553046625000003 0.6857899487500001 0.3754307375 0.7070178224999999 0.347335005
0 0.8671517287499999 0.3692029525 0.86841732625 0.37025863375 0.86797090125 0.3911528725 0.8837557300000001 0.3905261325 0.8909283775 0.3895180825 0.88825627125 0.37050506 0.8671517287499999 0.3692029525