0 0.45844626374999997 0.2248212225 0.45355735750000004 0.23363200625000002 0.45045132875 0.23766021625 0.44249477374999996 0.24499173375000002 0.43652730875 0.25049036999999996 0.42484593375 0.25300099374999996 0.41283156499999996 0.2568052475 0.40026900625000006 0.26488229 0.38999916 0.26941144125 0.37907219249999996 0.2705989775 0.365831935 0.26898415375 0.35316928875000003 0.26351791875 0.34728138000000003 0.276209575 0.3484777825 0.28120727125 0.35849414500000004 0.28516476749999997 0.35529085125000004 0.29385767749999997 0.34963582625 0.29171244125 0.3419416175 0.28462844375 0.33362255500000004 0.29283219875 0.33947497875000004 0.3038560025 0.3425042975 0.3108427525 0.34685677249999997 0.318583875 0.35347246875000005 0.32235572375 0.35852041625 0.3279309875 0.36032389125000003 0.32949865375000004 0.3531511875 0.33592847124999997 0.34379194375 0.33531258999999997 0.335579035 0.33292277249999996 0.33146229125 0.32855273250000006 0.32433680375 0.3235461925 0.31385183 0.33105452 0.30739517625 0.341668715 0.30634025125000003 0.3498919225 0.30627761875000004 0.3534801425 0.3091042125 0.36610908625 0.31252548125 0.37264496999999996 0.31575462625 0.38101202375 0.31591728375 0.37875949 0.31770117375 0.37751214 0.316877955 0.3803861025 0.3327556075 0.38943854375000003 0.3438004625 0.3899365425 0.3499447 0.3869662125 0.37725913125 0.39606580874999997 0.396938265 0.39892415999999997 0.41670579750000003 0.40304668374999997 0.43149320125 0.39650784375000003 0.44083184375 0.39077347625000003 0.46499909125 0.39120076249999997 0.48028742125 0.39182548875 0.5032199137500001 0.39276257625 0.5254157512500001 0.38316500374999996 0.528619045 0.37447208375 0.532606235 0.36487745375 0.53838799125 0.36277938875 0.54972750625 0.3674912325 0.55640211375 0.37210586625 0.5657819575 0.37907199375 0.57892208 0.36714353875 0.58103794875 0.36106734375000005 0.5812291975 0.3586540975 0.58141105625 0.3482354175 0.5812119225 0.34538767125 0.57162581625 0.3354718475 0.56239334875 0.33061263875 0.55963804375 0.32148950249999997 0.544956815 0.31743475625 0.53820267625 0.30562711375 0.53342881 0.29791545750000004 0.52362757625 0.2909787975 0.5076615262499999 0.28066220875 0.48519762 0.26825932125 0.4694172325 0.254542175 0.46874842375 0.2389214375 0.46844202625000003 0.22242846749999998 0.45844626374999997 0.2248212225
0 0.38265826500000005 0.41358696125 0.38403914499999997 0.42171428125 0.39006303875 0.42181942874999995 0.39081839125 0.42081575125 0.39307287125 0.41553106375 0.39401301125000004 0.41238147625000005 0.39409056875 0.40793824 0.39236379499999996 0.40611222249999995 0.3881412 0.40991583624999994 0.37980576 0.41243766375 0.38265826500000005 0.41358696125
0 0.40923354250000005 0.42803211750000003 0.41009269375 0.42228076875 0.41020787374999995 0.4156821375 0.40810809124999997 0.41032139125 0.39938125625 0.41235699124999997 0.4014378275 0.4261699775 0.40341876249999997 0.42830350500000003 0.40826867624999996 0.42838816125 0.40923354250000005 0.42803211750000003
0 0.44018282 0.4239444625 0.44631730750000004 0.42405154 0.44641375375000003 0.4185261475 0.44493592875 0.41778146125 0.43982952124999997 0.41720308500000003 0.44018282 0.4239444625
0 0.4646934325 0.41520747625 0.45906791875 0.41693135124999997 0.45673405250000004 0.42608394625 0.458736815 0.43051927624999997 0.46495537374999996 0.43062782125 0.4652123425 0.41590611875 0.4646934325 0.41520747625
0 0.475922725 0.42888085875000004 0.476233495 0.4333250625 0.48357827875 0.43345326624999997 0.48617897374999997 0.43232573125 0.486406565 0.419287055 0.48548540875 0.4142384425 0.47958578875 0.41465098375 0.475619525 0.41838705625000006 0.47553351125 0.4233148125 0.475922725 0.42888085875000004
0 0.5026963624999999 0.41714882375 0.499602165 0.4149801075 0.49821436375 0.41495588375 0.49466960875 0.41789447 0.49489077125000003 0.43056497125 0.4984149775 0.43621262250000004 0.4992414575 0.43622704874999996 0.502440575 0.4318029375 0.5026963624999999 0.41714882375
0 0.49656382 0.4561833575 0.50529093375 0.45633568875 0.50673274125 0.45205892 0.50714771875 0.44862427375 0.50723323 0.44372531875 0.5024457462499999 0.44183328250000004 0.4974694825 0.4431167075 0.49520227125 0.44628325625000004 0.49597540375 0.45512022375 0.49656382 0.4561833575
0 0.4787881275 0.45601588625 0.479085125 0.457128455 0.48230369375000004 0.45718463625 0.485785295 0.4548795475 0.48602227374999996 0.44130309124999995 0.48158775499999995 0.44085551375000004 0.47612647375 0.439070265 0.47272541625000003 0.44027833125 0.47679425375 0.44922142375 0.4787881275 0.45601588625
0 0.4749773525 0.47921991625 0.47582044250000005 0.48457565875 0.47871119624999997 0.4846261175 0.48409868250000004 0.47988220624999994 0.48430518125 0.4680519 0.47583499125 0.46885961125000003 0.4749773525 0.47921991625
0 0.49733326624999996 0.48245078625 0.5019994875 0.482532235 0.50200676375 0.4825263425 0.50412572 0.47850773125 0.50427676 0.46985463125000004 0.50140743375 0.4680221475 0.49716212374999996 0.46800067875 0.49590308375 0.47593844750000003 0.49696534875 0.48199647 0.49733326624999996 0.48245078625