0 0.8828125 0.6240234375 0.876953125 0.6513671875 0.8935546875 0.666015625 0.9130859375 0.658203125 0.921875 0.6494140625 0.921875 0.6435546875 0.92578125 0.6396484375 0.92578125 0.6025390625 0.9375 0.5927734375 0.939453125 0.5712890625 0.953125 0.5634765625 0.958984375 0.5498046875 0.9609375 0.5341796875 0.95703125 0.5302734375 0.955078125 0.5185546875 0.9404296875 0.517578125 0.935546875 0.5302734375 0.9287109375 0.53515625 0.9228515625 0.533203125 0.9150390625 0.546875 0.9013671875 0.5546875 0.890625 0.5556640625 0.890625 0.5791015625 0.88671875 0.5927734375 0.888671875 0.6123046875 0.8828125 0.6240234375
0 0.875 0.6923828125 0.875 0.6630859375 0.8701171875 0.662109375 0.865234375 0.6689453125 0.85546875 0.6884765625 0.8583984375 0.703125 0.8623046875 0.703125 0.875 0.6923828125
0 0.9208984375 0.7421875 0.9345703125 0.740234375 0.9375 0.7333984375 0.9296875 0.7236328125 0.92578125 0.7119140625 0.9111328125 0.7109375 0.91015625 0.7216796875 0.9140625 0.7275390625 0.9140625 0.7373046875 0.9208984375 0.7421875
0 0.638671875 0.7646484375 0.630859375 0.7509765625 0.6064453125 0.72265625 0.603515625 0.7236328125 0.6025390625 0.734375 0.5927734375 0.734375 0.5380859375 0.681640625 0.533203125 0.6826171875 0.53125 0.6923828125 0.525390625 0.7001953125 0.4853515625 0.734375 0.4697265625 0.740234375 0.4580078125 0.740234375 0.4443359375 0.74609375 0.431640625 0.7470703125 0.4287109375 0.77734375 0.6123046875 0.77734375 0.6298828125 0.7734375 0.638671875 0.7646484375
0 0.16015625 0.3701171875 0.16015625 0.3837890625 0.16796875 0.4013671875 0.1806640625 0.4140625 0.2021484375 0.423828125 0.2109375 0.4345703125 0.21875 0.4619140625 0.2265625 0.4716796875 0.224609375 0.4775390625 0.21484375 0.4853515625 0.21484375 0.4990234375 0.21875 0.5087890625 0.23828125 0.5322265625 0.248046875 0.5517578125 0.251953125 0.5712890625 0.2587890625 0.580078125 0.2763671875 0.58203125 0.2880859375 0.576171875 0.2958984375 0.5625 0.3017578125 0.55859375 0.3115234375 0.55859375 0.3330078125 0.568359375 0.3388671875 0.576171875 0.3720703125 0.580078125 0.3876953125 0.5859375 0.4072265625 0.5859375 0.4140625 0.5791015625 0.4140625 0.5712890625 0.4365234375 0.5546875 0.4619140625 0.5546875 0.4931640625 0.560546875 0.4990234375 0.55859375 0.515625 0.5693359375 0.51953125 0.5888671875 0.54296875 0.6181640625 0.54296875 0.6298828125 0.537109375 0.6474609375 0.54296875 0.6591796875 0.5595703125 0.638671875 0.5693359375 0.634765625 0.5830078125 0.63671875 0.591796875 0.6455078125 0.595703125 0.6552734375 0.638671875 0.7001953125 0.638671875 0.7177734375 0.669921875 0.7490234375 0.6708984375 0.763671875 0.6845703125 0.7734375 0.7529296875 0.771484375 0.775390625 0.7666015625 0.765625 0.7568359375 0.759765625 0.7451171875 0.76171875 0.7197265625 0.7578125 0.7138671875 0.7578125 0.7021484375 0.7685546875 0.697265625 0.771484375 0.6923828125 0.77734375 0.6396484375 0.75 0.6259765625 0.74609375 0.6181640625 0.74609375 0.6025390625 0.76953125 0.5517578125 0.76953125 0.5380859375 0.77734375 0.5283203125 0.787109375 0.4970703125 0.7822265625 0.490234375 0.7744140625 0.4921875 0.7626953125 0.486328125 0.7822265625 0.447265625 0.7958984375 0.4453125 0.8125 0.4345703125 0.802734375 0.4248046875 0.798828125 0.3955078125 0.787109375 0.3876953125 0.794921875 0.3759765625 0.798828125 0.3623046875 0.8173828125 0.34375 0.8564453125 0.349609375 0.85546875 0.3466796875 0.861328125 0.3427734375 0.8564453125 0.33203125 0.8349609375 0.333984375 0.83203125 0.3310546875 0.83203125 0.3173828125 0.822265625 0.3056640625 0.82421875 0.2919921875 0.8154296875 0.279296875 0.7919921875 0.28125 0.7822265625 0.27734375 0.771484375 0.2861328125 0.76953125 0.2939453125 0.7509765625 0.310546875 0.7470703125 0.3125 0.7333984375 0.306640625 0.728515625 0.3017578125 0.728515625 0.2919921875 0.734375 0.2763671875 0.74609375 0.2646484375 0.74609375 0.2412109375 0.740234375 0.2236328125 0.7294921875 0.21875 0.1884765625 0.220703125 0.181640625 0.2294921875 0.181640625 0.2412109375 0.169921875 0.2763671875 0.173828125 0.3115234375 0.166015625 0.3271484375 0.166015625 0.3505859375 0.16015625 0.3701171875
0 0.2890625 0.6435546875 0.2841796875 0.6484375 0.2724609375 0.646484375 0.2646484375 0.650390625 0.255859375 0.6572265625 0.255859375 0.6611328125 0.2744140625 0.671875 0.2919921875 0.6875 0.3125 0.6611328125 0.2998046875 0.65234375 0.29296875 0.6435546875 0.29296875 0.6376953125 0.30078125 0.6279296875 0.2958984375 0.625 0.2900390625 0.626953125 0.287109375 0.6201171875 0.27734375 0.6142578125 0.27734375 0.6240234375 0.2822265625 0.630859375 0.287109375 0.6318359375 0.2890625 0.6435546875
0 0.3310546875 0.716796875 0.3427734375 0.716796875 0.353515625 0.7060546875 0.349609375 0.7001953125 0.3564453125 0.701171875 0.359375 0.6982421875 0.3607080625 0.69039438625 0.35029271625 0.68865855375 0.33987737 0.6834511050000001 0.32512225375 0.6895264950000001 0.31904663125 0.69994144 0.31640625 0.7158203125 0.3232421875 0.720703125 0.3310546875 0.716796875
0 0.2822265625 0.78125 0.28515625 0.7783203125 0.287109375 0.7392578125 0.279296875 0.7138671875 0.271484375 0.7001953125 0.2548828125 0.685546875 0.2333984375 0.68359375 0.236328125 0.7041015625 0.26171875 0.7646484375 0.263671875 0.7802734375 0.2822265625 0.78125
0 0.1669921875 0.78125 0.169921875 0.7333984375 0.1591796875 0.728515625 0.1513671875 0.736328125 0.138671875 0.7392578125 0.154296875 0.7548828125 0.138671875 0.7685546875 0.134765625 0.7802734375 0.1669921875 0.78125
0 0.21484375 0.7158203125 0.21484375 0.7060546875 0.21875 0.6982421875 0.2158203125 0.6953125 0.205078125 0.7021484375 0.19921875 0.7138671875 0.19921875 0.7236328125 0.2080078125 0.728515625 0.21484375 0.7158203125
0 0.36591575875 0.76590287625 0.36591575875 0.771978265 0.38327470124999996 0.7771857624999999 0.39889774375000003 0.76937454125 0.40236954124999996 0.75722371625 0.40236954124999996 0.74594087625 0.39447156749999995 0.7358859575 0.3910862225 0.74941249375 0.38501060000000004 0.7580916550000001 0.3771990775 0.7632991525 0.36591575875 0.76590287625