0 0.5185894625 0.44355568375 0.54392063125 0.43275610375 0.54208441125 0.41639964125 0.51437942 0.4266701275 0.51122188875 0.41400596125 0.49671015625000003 0.418745095 0.49197102125000003 0.40423336249999997 0.53497712875 0.3923897825 0.5336643275 0.38262853125 0.5281301375 0.37391979 0.52919115875 0.36468763000000004 0.532362875 0.35492921375 0.53790841125 0.34569989 0.5326458575 0.3245929475 0.526322285 0.31271816375 0.51447303375 0.27868109 0.493666095 0.2267002775 0.46570932374999996 0.21797735124999998 0.46016095 0.23169119125 0.46383339 0.26440411625 0.47120379999999995 0.28946932125 0.48278425124999996 0.33142008124999994 0.46774342500000005 0.33853303625000003 0.463541895 0.3081939325 0.45748996124999997 0.28392094749999996 0.44510027 0.27019576 0.43215595375 0.2992050425 0.41790167500000003 0.31396855625000003 0.3983848425 0.30762512625 0.37754386500000003 0.30945850875 0.3883661375 0.29891354875000004 0.43084315250000005 0.28944379125 0.42927289625 0.2696581575 0.3862781375 0.2635636725 0.35539859375 0.28807709 0.3450940675 0.314186295 0.37013090499999995 0.35166104750000005 0.358505065 0.38146254874999996 0.36772304125 0.40494615375000004 0.3579532775 0.4197125025 0.34081026999999997 0.41389816500000004 0.32682753499999995 0.42644295249999997 0.32936036125 0.44446494375 0.34606147375 0.45294317375 0.33333425875000006 0.4727407 0.33359322124999996 0.474583315 0.3489473675 0.47800554125 0.36666329374999995 0.49096899374999997 0.37811731625 0.48935923625 0.41305190875000003 0.47435295875 0.46925694625 0.44800899375000003 0.4729464075 0.4538148225 0.5185894625 0.44355568375
0 0.61932863625 0.36262584375 0.5945407425 0.34862901874999996 0.5815992649999999 0.373153785 0.5809194325 0.39316851125 0.58170208375 0.39873736 0.59212153375 0.41985218750000003 0.60877856625 0.42159794625 0.618356225 0.42025189374999994 0.62299256375 0.4087923175 0.61666332 0.40588656749999996 0.60558075375 0.41089166624999995 0.58790865375 0.40745114875 0.5945152125 0.38898966625 0.6087694925 0.3742261525 0.61932863625 0.36262584375
0 0.52246346375 0.5018869525 0.50664508125 0.49092995125 0.482326585 0.49764272499999995 0.48175667375000003 0.51389792375 0.4821094475 0.51640803625 0.49088835875000003 0.5164279712500001 0.50764325 0.514073225 0.52246346375 0.5018869525
0 0.414249565 0.51457600625 0.41778481624999997 0.510509165 0.41093469624999995 0.49803602625000004 0.38358320749999997 0.50694219875 0.3838545925 0.5088732025 0.3952273075 0.5153574725 0.40226524374999995 0.51626029375 0.414249565 0.51457600625
0 0.36860288124999996 0.53315211625 0.36753174875 0.53334098875 0.3594646075 0.5502255162499999 0.35908425375 0.56685909625 0.35479973000000004 0.5676145725 0.34446877 0.55286968875 0.330101625 0.56534291125 0.31660372875 0.5782373024999999 0.31669246125 0.5788686737500001 0.35221502875 0.57801022875 0.38171565375 0.57468886625 0.420199325 0.56928033875 0.40892289875000004 0.5613845 0.43141665500000004 0.5574182425 0.43349683499999997 0.5504248475 0.408483075 0.55262658125 0.39480932375 0.56276866875 0.38195836499999997 0.5462592625 0.36860288124999996 0.53315211625
0 0.2792908525 0.58529688 0.28076364375 0.5850898925 0.29114235875 0.5727210199999999 0.2800436275 0.56246996375 0.27985844 0.5624959900000001 0.2710698925 0.5775855675 0.27173389625 0.5823102 0.2792908525 0.58529688
0 0.31680197499999996 0.58862952375 0.31790564875 0.59648256875 0.32845444375 0.5976388025 0.3401545875 0.58807719 0.34908899750000005 0.588864545 0.36271414 0.58450410875 0.37219277125 0.5936992025 0.41820689625 0.58723233875 0.41642735625 0.57599677 0.3821042825 0.574825735 0.31730812875000003 0.58288601125 0.31680197499999996 0.58862952375
0 0.55699797875 0.558144765 0.5488704612499999 0.54720522875 0.54649758 0.547067995 0.53085108625 0.55784770875 0.5312588162499999 0.56074886125 0.5444511975 0.5631784375 0.55360030125 0.561892615 0.55699797875 0.558144765
0 0.61315374375 0.52679576 0.60233669625 0.5275970175 0.60419199125 0.5407981325 0.6166100625 0.5416653137499999 0.61118535625 0.5491317812500001 0.62888129625 0.5475257075 0.64381964375 0.5454262599999999 0.64414725875 0.5417087025 0.6363938812500001 0.5275197349999999 0.639840205 0.5214678275 0.6232158 0.520797235 0.6077724262499999 0.5067250325 0.61315374375 0.52679576
0 0.30545621875 0.45473856625000003 0.30613810999999996 0.45136737125000004 0.291422095 0.45646174125 0.2701153725 0.4525029375 0.2608353625 0.4393966775 0.2521607125 0.4579949625 0.235683255 0.46659307875000006 0.23563841 0.4871466425 0.23642524874999998 0.49274529499999997 0.26666764375 0.48689678875 0.28880794375 0.4797950075 0.290947905 0.48829884 0.28579613625 0.49988962875 0.297416055 0.5107993337500001 0.30236480125 0.51010383375 0.32869381750000004 0.50119739625 0.33466003125 0.48731495875 0.31431943875 0.4733751175 0.30545621875 0.45473856625000003
0 0 0.493271065 0.013353892499999999 0.49139429749999997 0.07014923375 0.47085516 0.0385121475 0.46472702499999996 0.01643937875 0.45639079250000003 0 0.4484932525 0 0.493271065