0 0.4860004 0.23552095874999998 0.48220354375 0.23886425249999998 0.47304424375000004 0.24451206 0.46617472374999996 0.24874790624999998 0.45429376625 0.24898221375 0.44184221125 0.250416295 0.42804459875 0.25591786125 0.4171586525 0.25839072375 0.40626530875 0.25747646750000003 0.39364531625 0.25338727250000004 0.3823201375 0.245647565 0.37416324625 0.25692104125 0.37438286125 0.26202732875 0.38341079499999997 0.26779186625 0.37863374375 0.27567083875000004 0.37351986 0.27250327750000003 0.36735236875 0.2641270275 0.35767362875 0.27055760500000003 0.3612953175 0.28243076 0.36292694 0.28982679875 0.36570719500000004 0.29821042625 0.37145029125 0.30314835625000003 0.37532056249999995 0.309549445 0.37678379125 0.3114222075 0.36856088375 0.31633843875 0.35954034625 0.31396102375 0.35197562 0.31006925750000003 0.348785765 0.30502154875 0.34277927124999996 0.2987814425 0.3311179275 0.304122045 0.32280001625 0.3132593675 0.31943499375 0.32342810624999996 0.31983042 0.3374447925 0.3219302625 0.34447503124999995 0.32349502999999996 0.35325657875 0.3240813025 0.35108830124999996 0.32605962624999996 0.35020904999999997 0.32471051625 0.35285867125000003 0.33849393375 0.3647097075 0.34918250125 0.36729192 0.35574479875000004 0.36555800125 0.38068497874999996 0.3796254725 0.39935524625 0.38615064875 0.41032378375 0.3907569375 0.424262815 0.39246843499999995 0.43354973 0.39034920375 0.44375526125 0.38652297375000005 0.46726862124999996 0.3915264275 0.48207603624999995 0.39503766375 0.5042871600000001 0.40030451375 0.52777828625 0.39514659125 0.5325553387499999 0.38726760624999995 0.53826883 0.37865704499999997 0.54431170625 0.37770592875 0.55448827625 0.3844580325 0.5601289475 0.390229955 0.5679644925 0.39881101625 0.5830568737499999 0.38965892625000004 0.58594191625 0.38470178625 0.5881314237499999 0.366869675 0.58194398125 0.35735326875 0.5738524862500001 0.35085715624999997 0.5728938137499999 0.34142736749999997 0.5593300325 0.3346826225 0.5549767525 0.32187308375 0.55177950125 0.313438255 0.54352696375 0.3048059925 0.529897145 0.29170399375 0.510319405 0.2753320275 0.49751618375 0.25894530374999997 0.49982762125 0.24356787875 0.50265841125 0.22740767250000002 0.49244548375 0.2278467875 0.4860004 0.23552095874999998
0 0.3901424675 0.4038234025 0.390590125 0.41352169375000003 0.39525211624999995 0.414094115 0.39732161875000005 0.41194843374999995 0.40018769 0.4070048725 0.40075023125000003 0.4057185 0.40158527499999996 0.39891761875 0.400629355 0.39762104 0.39599996125 0.40086399624999997 0.387465895 0.40234312000000005 0.3901424675 0.4038234025
0 0.41713217999999996 0.40563775625 0.4168398525 0.40365574875 0.407927425 0.40367595375 0.4068300275 0.41752197 0.40792517500000003 0.4194283325 0.41430632500000003 0.42021183875 0.4158121875 0.41638823375 0.41713217999999996 0.40563775625
0 0.45353325875000006 0.41688135125000003 0.4517305975 0.41538242 0.44691147625 0.41367947125 0.4456712675 0.42071304374999996 0.44582978375000004 0.42156365875 0.45189854250000006 0.42230880875 0.4531724775 0.4198196825 0.45353325875000006 0.41688135125000003
0 0.46935950499999995 0.41375174625 0.46382777500000005 0.41566047875 0.4618256775 0.4248388525 0.46312381 0.42746526 0.4697650175 0.4282806975 0.47125710750000005 0.41612859625 0.46935950499999995 0.41375174625
0 0.49047871625 0.433168955 0.49064334375 0.43260743875 0.49272572 0.41564784625 0.48733645125 0.4146975725 0.48212854125 0.4176187 0.48037766125 0.42754844374999995 0.47959166750000004 0.43200603375 0.48987727124999997 0.43326894625 0.49047871625 0.433168955
0 0.50359991375 0.43621326250000003 0.50551902125 0.43453741 0.50733490625 0.4197482125 0.50527560875 0.41745899999999997 0.50046721875 0.419873015 0.49827702125 0.43017708499999996 0.4979806525 0.43259081875 0.49903275874999997 0.43565248625 0.50359991375 0.43621326250000003
0 0.49691773 0.4570178575 0.49784375625000005 0.45943485375000004 0.50548848625 0.46037350875 0.50633128625 0.45869269375 0.5078446375 0.4463674425 0.50512946875 0.44482725875 0.500050735 0.44540249125000003 0.49747997875000005 0.4481018425 0.49731426999999995 0.449451435 0.49691773 0.4570178575
0 0.4811858325 0.43989774750000005 0.477636125 0.44043174749999997 0.47991136875 0.44993503375000005 0.48056857625 0.45694684375 0.48076935125 0.45985715499999996 0.48103931125000005 0.45989030124999997 0.48831519 0.45687540125 0.490979955 0.45037973125 0.49148109624999997 0.44629827125 0.49102298375 0.44413623 0.48617888 0.44267708624999996 0.4811858325 0.43989774750000005
0 0.47426669625 0.47925228750000004 0.47497593875 0.48433355874999995 0.47788821 0.48469114124999996 0.48217712749999997 0.481045465 0.48374107625 0.46830812875 0.475299385 0.4689646775 0.47426669625 0.47925228750000004
0 0.50215659 0.48389276125 0.50371567 0.47999518125 0.5041182725 0.476716245 0.50316089125 0.47192942000000004 0.49979978 0.47024892625 0.49559841374999997 0.4706690375 0.4951782875 0.47865135999999997 0.49647658624999996 0.48319534500000005 0.50215659 0.48389276125