0 0.8812770875 0.5958603975 0.88339801875 0.5900279712500001 0.8788861674999999 0.5793637625 0.8825776987499999 0.58305521625 0.88708955 0.5793637625 0.8854488650000001 0.56828940125 0.8854488650000001 0.56131666875 0.8817573350000001 0.55639471625 0.88708955125 0.55721504125 0.8884115749999999 0.54884240125 0.88810038 0.53101410625 0.88298785875 0.52563260875 0.87437427125 0.524812285 0.86986242 0.531374865 0.85673698125 0.5276834125 0.84771323375 0.52317163375 0.8456623875 0.52850373875 0.84115049125 0.5285037375 0.83417758875 0.52399196 0.836228435 0.5510626325 0.84197085625 0.571980855 0.85632677625 0.5801840875 0.8674013700000001 0.58797716875 0.87114364875 0.5960372775 0.8812770875 0.5958603975
0 0.905971705 0.53356631125 0.8952565112499999 0.5322988675 0.89190687625 0.56565917125 0.8914162437500001 0.57511576375 0.8973321037499999 0.59173604375 0.9067985825 0.5941647274999999 0.91228387 0.59406898125 0.9157069437500001 0.58904233 0.91211265375 0.5801387837499999 0.90915734875 0.57777951 0.9131940762499999 0.56409497875 0.9184805125 0.5525300737500001 0.91823349875 0.53837863 0.905971705 0.53356631125
0 0.8936064862499999 0.48834189250000004 0.8958492325 0.49934137749999996 0.9027132775 0.49922156624999997 0.9048379725 0.48718305875 0.9047198299999999 0.480414685 0.9030048662500001 0.47113503375 0.8961061725 0.46983030124999997 0.89534177125 0.47288042625000004 0.8935039312499999 0.48246655250000003 0.8936064862499999 0.48834189250000004
0 0.64528330875 0.58658869375 0.63451504875 0.58327706875 0.6309767275 0.58403430375 0.629344675 0.60456866375 0.629356715 0.605258445 0.6300842575 0.60524574625 0.64529498875 0.5872578362499999 0.64528330875 0.58658869375
0 0.6610956837499999 0.59111587375 0.6501744637500001 0.58139093625 0.63156343375 0.61285444375 0.6442787124999999 0.6276202575 0.661916025 0.6456673725000001 0.66415139 0.6471575762499999 0.6656634725 0.6471311824999999 0.667135205 0.620885915 0.6668425287499999 0.6041184525 0.6639668925 0.603830885 0.6606855225 0.59849878125 0.6610956837499999 0.59111587375
0 0.61302157125 0.65224605375 0.60453101 0.659368075 0.598393705 0.6602956525 0.5972134975 0.6631878175 0.6223482862499999 0.67289106 0.6253462625 0.67283873 0.64893716875 0.665156545 0.65036385125 0.6627826887499999 0.65033485625 0.66112156 0.632492005 0.6395994837500001 0.62562038 0.64546255875 0.61302157125 0.65224605375
0 0.57181199125 0.40088023 0.5570458675 0.36476897 0.53776784625 0.35246412125 0.5115169675 0.34590153874999996 0.5086457575 0.33687798625 0.48198472000000003 0.3262137825 0.4577846875 0.34631170125 0.440557535 0.35902670875 0.424560885 0.36805025999999996 0.40405238375 0.36312832375 0.39051676125 0.35451492875 0.381082855 0.3434405675 0.37041844375 0.35984702749999997 0.36016419375 0.38117542875 0.34703873125 0.4308049775 0.34580822875 0.45459433875 0.341296355 0.4935596875 0.341706515 0.49848161750000003 0.34539804625000003 0.4997121175 0.34496949875 0.4991783025 0.35483197625 0.50136980875 0.35401163375000005 0.550999345 0.36221503875000005 0.5657651575 0.3650862275 0.58955453125 0.358113325 0.60801179875 0.35401163375000005 0.6186760075 0.3654963875 0.62646906625 0.39297779 0.63508247125 0.41594732 0.637543425 0.41758800375 0.62031663625 0.401181195 0.602679695 0.4118456275 0.566585485 0.414716815 0.5501790175 0.43768634624999997 0.5514095175 0.42743209625 0.55797209875 0.4249710675 0.5719175875 0.42784225625 0.5858630775 0.4331744725 0.6047305187500001 0.4266117525 0.61785568125 0.42168969625 0.62113696125 0.42004903374999997 0.63631294875 0.42907275875000006 0.64000440375 0.47583218250000003 0.637543425 0.5102864425 0.6428755312500001 0.54597127375 0.64492633375 0.5578661875 0.6572311937499999 0.5721775275000001 0.65876450875 0.5812885275 0.65860547625 0.58903912125 0.6400044025 0.58452726875 0.62564874 0.5750933175 0.6088321225 0.5640187237500001 0.60883212375 0.54597127375 0.6030898675 0.5410492175 0.58750372875 0.550483125 0.5817614725 0.56319840375 0.57930049625 0.5562255012499999 0.52064740125 0.55212381 0.46035365624999997 0.54843227875 0.4583028425 0.55171365 0.45297075 0.55294412875 0.443126865 0.56360856375 0.4427167025 0.57058146625 0.52926079625 0.5750933175 0.53172175125 0.5783746875 0.525979495 0.57919505375 0.47429914500000003 0.582886585 0.47758043499999997 0.61364931375 0.48250237875 0.6251341125 0.48086172625 0.6321069687499999 0.48783447 0.6247239062500001 0.50301044875 0.63169680875 0.5083425524999999 0.64072055625 0.50301044875 0.6600558275 0.50180202625 0.65998360125 0.4976641825 0.64810361875 0.4972681925 0.6431815625 0.4935767375 0.64482224875 0.4816820525 0.6337476550000001 0.4730686575 0.61816120875 0.47224833125000004 0.62144258125 0.460353655 0.617340845 0.44804880750000003 0.6161103649999999 0.41441556375 0.61487983875 0.36888763124999996 0.60585609125 0.37504005749999997 0.60257472 0.40129039375 0.59765270875 0.40826313875 0.58001537375 0.40498184875 0.57181199125 0.40088023
0 0.27950581 0.43885021 0.28074598125 0.46261076500000003 0.28390689375 0.48261054125 0.2828969125 0.49878878625 0.304200085 0.49841693875 0.3046129325 0.47952669125 0.30423375 0.45780328875000004 0.3033436575 0.45156135 0.287593625 0.41189102624999996 0.27801319 0.41961298999999996 0.27950581 0.43885021
0 0.32005410125 0.41085581 0.33026647375 0.44512650375 0.3296361925 0.40901769250000003 0.319266125 0.4081326175 0.32005410125 0.41085581
0 0.11995504 0.59770741625 0.1319491025 0.60268901375 0.1442342425 0.60247457625 0.14418484125 0.59964432125 0.1426553375 0.59265300875 0.13557928125 0.58584393125 0.12500471125 0.58735287125 0.11918963249999999 0.58875909625 0.11995504 0.59770741625
0 0.1067323825 0.56902917625 0.10987783374999999 0.57181950875 0.11173249375 0.57178713625 0.11734444125 0.5660494275 0.11732822999999999 0.5651206575 0.10793874499999999 0.56336655625 0.1067323825 0.56902917625
0 0.12341523625 0.575995165 0.1353436925 0.58012633375 0.13634270625 0.58010889625 0.1360627025 0.56406749375 0.1306425225 0.56161110875 0.12665008 0.56265842125 0.12105237 0.57045115 0.12106618250000001 0.57124246875 0.12341523625 0.575995165