0 0.8622500325 0.594254505 0.8675544775 0.6056792025 0.87489908625 0.6052711875 0.87816336625 0.5962946262500001 0.873675015 0.58568596 0.8773473187499999 0.5893581875 0.88183567125 0.58568596 0.88020353125 0.5746692787500001 0.88020353125 0.5677328625 0.8765312262499999 0.56283654375 0.88183567125 0.5636525975 0.885507975 0.540395165 0.8777553425000001 0.5322346575 0.8691866175 0.531418605 0.86469826625 0.53794700625 0.8516411875 0.53427477875 0.84266443875 0.5297864987500001 0.840624275 0.5350908325 0.83613587875 0.5350908325 0.8291992937499999 0.5306025525 0.8312394575000001 0.5575322337499999 0.8369519712500001 0.57834150625 0.85123312 0.5865020125 0.8622500325 0.594254505
0 0.90346147375 0.58568596 0.907949825 0.5722211425 0.9140703625000001 0.55998037 0.9140703625000001 0.54692356625 0.9018293337500001 0.54161923375 0.89122044375 0.53998715 0.88673209125 0.5730371949999999 0.88591599875 0.5824217712499999 0.89122044375 0.59915080125 0.90509361375 0.60323106625 0.909581965 0.59711068 0.9063176850000001 0.58813411875 0.90346147375 0.58568596
0 0.9010132849999999 0.49061607875 0.897749005 0.4779673025 0.89081242 0.47715125 0.89026550875 0.4802311425 0.8887722562499999 0.49265621125000003 0.89285258375 0.50734512 0.899381145 0.50612104 0.9010132849999999 0.49061607875
0 0.6258218725 0.5867431624999999 0.62599845875 0.60894341375 0.6406876762500001 0.58813411875 0.62926271625 0.58568596 0.6258218725 0.5867431624999999
0 0.6602732924999999 0.65056198125 0.6627215025 0.60690329375 0.6586411737500001 0.606495255 0.65537689375 0.6011909225000001 0.6557849175 0.5938464675 0.64492058 0.5841721825 0.6264064825 0.61547181625 0.63905553625 0.630160725 0.6566009875000001 0.648113845 0.6602732924999999 0.65056198125
0 0.62681452875 0.641925195 0.61987794375 0.64763754375 0.60722889125 0.654165945 0.5986601875 0.661102385 0.5925396725000001 0.6619184375 0.59131557875 0.66477461125 0.61742975625 0.67538325625 0.64272784 0.66763078625 0.64476800375 0.66436657375 0.62681452875 0.641925195
0 0.36449518124999997 0.58923536625 0.35755859624999997 0.6075965025 0.35347826750000005 0.61820516875 0.364903205 0.62595763875 0.392241475 0.63452618375 0.4150913725 0.63697432 0.4167235125 0.6198372525 0.40040215375000004 0.60229217 0.41101104374999997 0.56638595 0.41386727749999996 0.550064935 0.43671717375 0.55128902625 0.42651633125 0.5578174275 0.42406812125000004 0.5716902837500001 0.42692435500000003 0.58556314 0.4322288 0.6043323125 0.42570026125 0.61738911625 0.42080384000000004 0.62065330625 0.4191717225 0.6357502525000001 0.42814844874999997 0.63942248 0.474664335 0.63697432 0.508939145 0.6422786537499999 0.5444381175 0.644318775 0.55627107875 0.6565595475000001 0.57912099625 0.65900768375 0.5872816537500001 0.63942248 0.5827933012500001 0.62514158625 0.57340848375 0.60841255625 0.5623915712499999 0.60841255625 0.5444381175 0.6027002075 0.53954169625 0.587195245 0.5489264699999999 0.5814828975 0.5615755225 0.5790347375 0.5546389374999999 0.52068712875 0.55055861 0.46070741374999996 0.546886305 0.45866728125 0.55015058625 0.45336295875 0.5513746574999999 0.44357034624999997 0.5619835475 0.44316231875 0.56892013125 0.5292556625 0.57340848375 0.5317038000000001 0.57667276375 0.52599145125 0.57748885625 0.47458027 0.58116116125 0.47784447 0.6117636675 0.48274077749999994 0.62318865 0.48110867125 0.63012519 0.48804509875 0.62278058125 0.50314203375 0.629717165 0.5084463674999999 0.638693915 0.50314203375 0.6582795525 0.5019179662500001 0.6582795525 0.49783771250000003 0.64603852375 0.49742968625000006 0.6411421025 0.49375745875 0.6427742437499999 0.48192472375 0.63175733 0.47335619 0.616252065 0.4725401375 0.619516345 0.46070741374999996 0.6154359724999999 0.4484666525 0.6142119 0.41500858125 0.61298778375 0.369717775 0.604011035 0.37583815625 0.600746755 0.4019517725 0.59585037875 0.40888820000000003 0.578304905 0.405624 0.5701442475 0.40154374625 0.5554550312500001 0.36562056374999996 0.53627741625 0.35337980375 0.51016326125 0.34685140124999997 0.5073070049999999 0.33787484624999997 0.48078482625 0.32726618625 0.45671083625000003 0.34725942875 0.43957340875 0.35990820999999995 0.423660075 0.368884765 0.40325838875000003 0.36398846375 0.389793265 0.35541993 0.38040849250000003 0.34440324875 0.36979962499999997 0.36072425750000003 0.35959878250000005 0.38194157375000004 0.3465416825 0.43131263375 0.34531758875 0.45497809125000005 0.34082921374999997 0.49374049625 0.3412372375 0.49863679125 0.3449095425 0.4998608825 0.34448322625000005 0.49932984875 0.3542943375 0.5015099399999999 0.35347826750000005 0.55088098875 0.36163894625 0.5655698975 0.36449518124999997 0.58923536625
0 0.2824803675 0.47945960249999997 0.28084824999999997 0.496188655 0.30206600625 0.49659666999999996 0.30410617 0.46069045125 0.30288207624999997 0.44926574375 0.2886008825 0.40927927 0.27880806375 0.41662372499999994 0.27962413375 0.43580091375 0.28003218 0.4594663725 0.2824803675 0.47945960249999997
0 0.33266853500000004 0.4072391375 0.32024256 0.4052981 0.3208355525 0.40805518999999996 0.32940427749999995 0.44640956875 0.33266853500000004 0.4072391375
0 0.134549485 0.5799703625 0.12393071125 0.5803636325 0.11803138499999999 0.58115019375 0.11785815124999999 0.59008273625 0.13179645 0.5976679475000001 0.14202194625 0.5980612175000001 0.14084209 0.58744266625 0.134549485 0.5799703625
0 0.105821825 0.562469985 0.11016562499999999 0.565812295 0.11685152875 0.5579467 0.10662603375 0.5567668675 0.105821825 0.562469985
0 0.12235755499999999 0.56974508125 0.13769577625 0.5744644525 0.13572934125 0.5579467 0.1290434375 0.55519374375 0.12511056874999998 0.55637357625 0.1196045425 0.56463244125 0.12235755499999999 0.56974508125