0 0.784167875 0.24570034625 0.6675154175 0.21661562499999998 0.652274685 0.22485518 0.6522337899999999 0.22514616375 0.6647549975 0.24345549375 0.71082373875 0.25877929250000004 0.7449200625 0.2644022875 0.7605105375 0.28268031625 0.7781906974999999 0.28664026 0.8127360400000001 0.29149529125 0.8230461212500001 0.27428737375 0.8029442475 0.26255967375 0.78848474375 0.24744179625 0.784167875 0.24570034625
0 0.660266025 0.32182069124999996 0.6811501649999999 0.30517421375000003 0.64210813125 0.290683935 0.6240093999999999 0.30023044125 0.6238530575 0.301342875 0.63422328125 0.31568428 0.65224277625 0.32069309625000003 0.660266025 0.32182069124999996
0 0.60411996 0.34674927250000004 0.621383465 0.34917549999999997 0.6277540825 0.34862357875 0.61999635125 0.33226709 0.5979714475 0.31507106 0.5843247 0.31315313375 0.5839991812499999 0.3154693175 0.58971959 0.3336522425 0.60411996 0.34674927250000004
0 0.540857865 0.29896939625 0.51497061625 0.29340809625 0.49415733125000005 0.27591496875 0.474587625 0.27616304375 0.457548995 0.28395119874999997 0.4364759075 0.27390069 0.42572223125 0.28842854500000004 0.41542974125 0.3113660425 0.415164 0.31325688375 0.44707588875 0.31711809125 0.4758191875 0.3209162225 0.5101771225 0.32397893125000005 0.5276155437500001 0.33347270875 0.52977429 0.33377610124999996 0.56221316 0.32993140125 0.57085223125 0.3102169 0.57099325 0.3092135025 0.56209339125 0.30436827875 0.540857865 0.29896939625
0 0.23817829499999998 0.4543673675 0.24160260375 0.45484862249999997 0.267714145 0.42553197249999997 0.28741685375 0.405739965 0.30372123125 0.39675089999999996 0.31012922249999997 0.3779105775 0.31191311375 0.35184008749999995 0.3065961975 0.32947187125 0.3014088425 0.30618179375 0.28966889375 0.29607146624999997 0.307154215 0.28536828 0.33126694874999996 0.2943973525 0.34326600625 0.30266400375 0.36972568250000004 0.30168246625 0.37637794375 0.27441609 0.40900154375 0.26302031375 0.40826400375 0.228135075 0.38174445125 0.20278701000000002 0.36397003125 0.20216906999999998 0.35057584875000003 0.21720741 0.34387865625 0.22472656624999998 0.31399066625 0.22334620624999998 0.2966050125 0.21996276625 0.27923430125 0.2231617325 0.28046017625 0.241194845 0.2609567025 0.23281353875 0.25212684875 0.22875245875 0.24181201125000001 0.2085019425 0.2502433925 0.26890960125 0.23797017625 0.2559041925 0.23330104124999998 0.22892678875000003 0.22219392375000002 0.20762489250000002 0.20260583000000001 0.2199126425 0.18712371375 0.24311793999999998 0.16472509124999998 0.23526979 0.15927258625000001 0.238896945 0.15409465875 0.27573981125 0.16130190875 0.29307136875 0.16399782999999998 0.32071147375000003 0.1749753875 0.34293522125000003 0.20856575125 0.35141622125 0.21526294375 0.343897065 0.22588182875 0.38205110374999995 0.223534785 0.39206172250000004 0.20460941 0.40632270499999995 0.20468423000000002 0.4392347125 0.23817829499999998 0.4543673675
0 0.28274893 0.47956562875000003 0.285535085 0.4799571975 0.294780525 0.46448155 0.29849609875 0.42732652625 0.28307261499999997 0.42366169124999997 0.27543782624999996 0.43624306375000005 0.27413957875 0.44548057625 0.27520499875 0.46292037125 0.28274893 0.47956562875000003
0 0 0.7075858700000001 0.01954033875 0.7114110125 0.07534943625 0.725595545 0.09482527624999999 0.728332695 0.1307443475 0.7255312675000001 0.06698229750000001 0.6986545087499999 0.050649082500000005 0.690424335 0.045858527499999996 0.6637104137500001 0.023925550000000004 0.6504831962500001 0.03288573625 0.60385148125 0.04606884875 0.55526232125 0.0550160325 0.54003366375 0.07427443125 0.54793394 0.10236577875 0.5500981625 0.12264896125 0.5486993775 0.12574566 0.53413055 0.124870155 0.515862295 0.1321105775 0.49075396625 0.11178312124999999 0.46549601875 0.08270192 0.4545561775 0.06962402499999999 0.44892127375 0.0650048775 0.40796842875000006 0.0684795375 0.34684706624999995 0.0727153675 0.31348654249999997 0.07637056625 0.2828576825 0.07666932 0.22772309375 0.05828208125 0.1824811325 0.0582734375 0.1824799175 0.00348511875 0.44023868875 0 0.4650365975 0 0.7075858700000001
0 0.16222703 0.55070391625 0.1985200875 0.55861251875 0.21355687875 0.56072580125 0.22608980625 0.54061229125 0.21305688750000001 0.5235383075 0.1898158875 0.5223203000000001 0.16789831374999997 0.5314255437500001 0.152105725 0.54137719375 0.1519958925 0.54215868875 0.16222703 0.55070391625
0 0.242423595 0.51909421 0.25146113625 0.5290226849999999 0.25959049125 0.53104955875 0.26389381125 0.5522697200000001 0.25350999125 0.55543711625 0.24426199625 0.5694409725 0.25218107375 0.58635063 0.26657223125 0.588373175 0.28807626875000003 0.58995905 0.31150483 0.50753634625 0.32096339125 0.46960013125000005 0.3157641075 0.4596692725 0.30741439875 0.46622198750000005 0.2979460375 0.48880548625000003 0.28689398625 0.50619712125 0.26803991625 0.5008009425000001 0.245801655 0.50554555375 0.242423595 0.51909421
0 0.5399096375 0.60968898375 0.551062445 0.5995386912499999 0.54183819625 0.56876445125 0.52262222875 0.5366262475 0.495736845 0.52074871 0.4775989975 0.4998838875 0.48267724875 0.48064244125 0.50604911125 0.45334858625 0.504172245 0.4401529825 0.46438990375000005 0.44856915 0.45121358375 0.46351161374999994 0.430673005 0.47700595125 0.40156027875 0.4796360675 0.37046043500000003 0.48399352125 0.37180456999999995 0.4514266275 0.34519845125000004 0.44490032375 0.33267149125 0.45055651875 0.32705493375000005 0.4641595775 0.311157155 0.57727815 0.32293110249999996 0.58985054125 0.34355614 0.58849324625 0.37638346 0.58612293 0.39588506500000004 0.587486615 0.42268588749999997 0.5912270537500001 0.434173875 0.6004288799999999 0.4592473225 0.60218218625 0.4953346875 0.606572 0.52597998 0.60871492625 0.5399096375 0.60968898375
0 0.7045838987499999 0.7825085575 0.6848016262500001 0.7772079125000001 0.6800173925 0.766288625 0.67106988375 0.7644777650000001 0.6533427 0.8082915525 0.6385855500000001 0.81301097875 0.5595211175 0.7879707862499999 0.512104755 0.77430189875 0.49730030875 0.7684075875 0.48842020625000004 0.7727742962499999 0.43716622625 0.7590408325 0.358723375 0.7417976625 0.35714469375 0.75303056 0.40045845375 0.76655220375 0.41606465375 0.771592425 0.6983789487500001 0.8472383125 0.7171870975 0.84988162625 0.7103274937499999 0.84379894875 0.70308661125 0.8312577475 0.704484915 0.81524894375 0.7167853775 0.80890753625 0.7178781925 0.7976355275 0.7045838987499999 0.7825085575