0 0.40609428875 0.404330585 0.42114338625000003 0.39889639125000004 0.43075808250000003 0.39388022624999997 0.45458583500000005 0.39597029375 0.4696349325 0.39764235625 0.49220857875 0.40015045 0.514782225 0.39220816375 0.5185445 0.3838478725 0.52314286 0.37465155000000006 0.5289952825 0.37297950999999996 0.539864085 0.37841367875000004 0.54613452625 0.3834298675 0.5549131825 0.3909541275 0.5687081725 0.38008574250000005 0.57121634 0.374233545 0.5724704475 0.36587325375 0.5724704475 0.35876701 0.56369179125 0.34831665125 0.5549131825 0.34288245875 0.55282298875 0.3336861475 0.5386099775000001 0.32866997 0.53275755625 0.31654754874999996 0.52857726125 0.30860527375 0.5193805862499999 0.30108101375 0.50433148875 0.28979462375 0.48301190374999997 0.27600015125 0.46838082625 0.26136964125 0.46879889249999995 0.24590310625 0.4696349325 0.229600545 0.45960221625000003 0.23127260249999998 0.454167815 0.2396328875 0.45082356124999995 0.2433950175 0.44246297125 0.25008325124999997 0.43619248374999997 0.2550994225 0.42448763999999994 0.25677148 0.4123647775 0.25969758375 0.39940580375 0.26680382874999997 0.388955045 0.27056595875 0.37808626500000003 0.27098397375 0.365127315 0.26847589125 0.3530044275 0.2622056725 0.3463159425 0.27432808875 0.34715200625000003 0.279344265 0.35676670250000003 0.2839424275 0.3530044275 0.29230270625 0.34757002625 0.28979462375 0.34046352125 0.28227036375000003 0.33168486625 0.28979462375 0.33670124625 0.30108101375 0.33920941374999997 0.3081872575 0.34297168874999995 0.31612953375 0.34924215375 0.32030967875 0.35384049124999994 0.32616188749999997 0.35551261875 0.32783393875 0.34798807 0.3336861475 0.33879139375 0.33243209999999995 0.3308488025 0.32950600125 0.3270865275 0.32490784 0.32039804250000004 0.31947364749999996 0.3095292625 0.32616188749999997 0.30242273375 0.33619423 0.3003325875 0.34664458875000004 0.30242273375 0.36043907249999996 0.305348945 0.36712729000000005 0.30795909250000003 0.37560992499999996 0.30827515625 0.37339751374999997 0.31012226875 0.37228930499999996 0.30911121999999996 0.37506957625 0.3241603175 0.38510193125000003 0.33502912 0.38635596624999996 0.341299585 0.3838478725 0.36763550500000003 0.3947162575 0.38686489749999997 0.39889639125000004 0.40609428875 0.404330585
0 0.38979110749999996 0.41937910375000004 0.39104521499999995 0.41269087624999995 0.38811898125 0.41018278125 0.38435670625 0.41436293874999997 0.37641413749999997 0.41770704125 0.37934034875 0.4185430725 0.38226655875 0.42899343125 0.38561081375 0.42899343125 0.38811898125 0.4248132975 0.38979110749999996 0.41937910375000004
0 0.40818443625 0.4210511675 0.40609428875 0.41394491125 0.39731565625000004 0.41519897 0.39815172 0.42899343125 0.40107793125 0.43275556125000003 0.40567626875 0.431501525 0.40818443625 0.4210511675
0 0.4432990125 0.4285754275 0.44497114000000004 0.42314123375 0.44204490625 0.42146917125 0.43702857 0.42063313999999996 0.43702857 0.42773939624999996 0.43828263125 0.43108352125000005 0.44120886499999995 0.431501525 0.4432990125 0.4285754275
0 0.46378251125 0.431501525 0.46420053125000005 0.42648536 0.46336449125 0.42063313999999996 0.4608562775 0.41770704125 0.4554219225 0.41979713125 0.453749795 0.42899343125 0.45667598249999997 0.43442762375 0.46211038375 0.43359159249999996 0.46378251125 0.431501525
0 0.48301190374999997 0.43400962 0.48342992375 0.43024749 0.48342992375 0.423977265 0.4825938825 0.41645300625 0.47674146125 0.41645300625 0.4721431 0.42021513499999996 0.4721431 0.43024749 0.4721431 0.4360996875 0.475905375 0.43651769125 0.48301190374999997 0.43400962
0 0.4997331275 0.42648536 0.4997331275 0.42021513499999996 0.49513481249999997 0.41687101 0.4909544725 0.42021513499999996 0.4909544725 0.43275556125000003 0.49471674625 0.43902578499999995 0.4997331275 0.4323375575 0.4997331275 0.42648536
0 0.5030773825 0.45449230874999996 0.50474950875 0.44655004499999995 0.4997331275 0.44404195125 0.49471674625 0.4448779825 0.49220857875 0.44780408125 0.49220857875 0.45658239875 0.49388070624999997 0.46034452875 0.50015114875 0.46118056125 0.5030773825 0.45449230874999996
0 0.48342992375 0.45700040375 0.48510205125 0.44780408125 0.48342992375 0.44404195125 0.47841358874999995 0.44362394625 0.4729791875 0.44195188375 0.4696349325 0.44320592 0.47381522750000005 0.45198423750000005 0.475905375 0.45867246625 0.47674146125 0.46159856499999996 0.48342992375 0.45700040375
0 0.48384799 0.47915517874999997 0.48342992375 0.4695408525 0.48092175625000005 0.4695408525 0.47257211499999996 0.47138385125 0.4729791875 0.48166325 0.47465131374999997 0.48751547 0.47715948124999996 0.48667943874999997 0.48384799 0.47915517874999997
0 0.4997331275 0.48417134500000003 0.5022412949999999 0.47790112 0.500987235 0.47163091875 0.49764297999999996 0.46995885625 0.49346268625 0.47037686 0.493044665 0.47831914750000004 0.49471674625 0.48417134500000003 0.49722496 0.48667943874999997 0.4997331275 0.48417134500000003