0 0.73275998875 0.20910664125 0.6873408925 0.20754483375 0.6487528324999999 0.21069551749999998 0.6388505112499999 0.21142445875 0.61943108375 0.21346552124999998 0.6021771524999999 0.2328969525 0.6021524025 0.2343149425 0.619017305 0.24640369499999998 0.6659444612500001 0.24509176624999998 0.69878494875 0.23892485875 0.71837132625 0.2500230325 0.721329875 0.25007467375000003 0.7664328887499999 0.244236475 0.7689392137500001 0.24331737625 0.77304164 0.22206937375 0.75089799625 0.21806121625 0.73275998875 0.20910664125
0 0.619466265 0.30955596875 0.641644025 0.29484458 0.60525745375 0.27759638375 0.58877401125 0.28452884624999997 0.5886868225 0.28952388 0.59555537875 0.30101379 0.618307 0.30953573375 0.619466265 0.30955596875
0 0.57672265125 0.338814445 0.58334798375 0.33893009125 0.59741137125 0.33464350000000004 0.58678573 0.32073293875 0.56249724375 0.30889657875 0.5495769975 0.30980005 0.5495319175 0.312382695 0.55842807 0.32812983 0.57672265125 0.338814445
0 0.481353685 0.29827509125 0.46037076875 0.282436705 0.441486485 0.28366659125000004 0.42542781875 0.29204921875 0.40457067375 0.28341069874999997 0.39492193625 0.29798324 0.38558752625 0.32209035999999996 0.38558099 0.32246480125 0.41699324875000005 0.324605735 0.44494047375 0.32681869625 0.47827207 0.32803738875 0.49521350249999996 0.3361415075 0.49938669750000003 0.33621435125 0.52882018125 0.331151865 0.5364894375 0.31081655375 0.52741088875 0.3064737425 0.5066322875 0.30233513 0.481353685 0.29827509125
0 0.30696884125 0.32468200875000003 0.318708975 0.33247167625 0.34427348875 0.33107621000000004 0.35024472625 0.3046029575 0.38159274625 0.29303504125 0.38029099375000003 0.2593206175 0.35422426625 0.23526176625 0.33702961875 0.2349642975 0.3243339725 0.24972932125 0.31798604999999996 0.25711182 0.28906719625 0.25628167 0.27220174 0.2533039675 0.25546181 0.2566898525 0.25695129375000003 0.27410348500000004 0.23795400125 0.26632961125 0.22934881125 0.26255238875 0.21903473874999999 0.24314835875 0.22820556374999998 0.3014078925 0.21612041125 0.289041445 0.21115105750000002 0.26303862375000003 0.20005327375 0.24263149625 0.18132296625 0.25484179 0.16674653625000002 0.27753781875 0.14495922 0.27032825625 0.13604077125 0.27648825250000003 0.13342386875 0.30518713375 0.14262513625 0.32626829125 0.1456979775 0.35294511 0.15668606125 0.37424566374999996 0.18930417125000001 0.3818782 0.19565209374999998 0.37449569875 0.206562245 0.41120362875 0.20446206875 0.4209214525 0.186405775 0.43502827000000005 0.187033515 0.46684617 0.2207436525 0.4813734675 0.22290981625 0.48141127875 0.24773927375 0.45253477125 0.266453755 0.4330674675 0.2820650475 0.4241017425 0.2879423225 0.40577887625000003 0.28922702499999997 0.380543955 0.283709185 0.359008205 0.27830104625 0.33657901375 0.266780305 0.32700252125 0.2835044025 0.31635966125 0.30696884125 0.32468200875000003
0 0.2775617075 0.5036184674999999 0.2797812875 0.50365721 0.28785514875 0.48771165000000005 0.28893301875 0.45162179 0.273808535 0.44912706125 0.26686714 0.462604185 0.26671736375 0.47118484875 0.2688675525 0.4875261375 0.2775617075 0.5036184674999999
0 0 0.51397755625 0.013454029999999999 0.6419841062499999 0.021463125 0.65717348875 0.027957915 0.7017448525000001 0.042230109999999994 0.7255869724999999 0.022539371250000002 0.7284253712500001 0.026005582500000003 0.761404155 0.044038 0.76583285375 0.053063269999999996 0.76599039 0.10286223625 0.7599428399999999 0.17118037875 0.7554775325 0.20934644375 0.7397001287499999 0.14267898375 0.7340360162499999 0.12519950124999998 0.7313477987500001 0.11281186500000001 0.7082126575 0.08868962 0.7026022949999999 0.08299592875 0.65704167875 0.0806008225 0.6084191437500001 0.08427845375000001 0.591741185 0.1043494125 0.5932519725000001 0.130829355 0.58684849 0.14906414875 0.579501495 0.14755873625 0.5651784612499999 0.141295025 0.5486402725 0.1404510275 0.5233867875 0.1142104475 0.50623303375 0.08419805125 0.50486208 0.07048768375 0.5035878275000001 0.054003065 0.4673071175 0.03893526 0.41006066124999996 0.032862425 0.37811609500000004 0.02707185375 0.34885710875000003 0.01087229375 0.29806515375 0.00359928625 0.28943362624999996 0 0.49563659625 0 0.51397755625
0 0.17201692999999998 0.58360819 0.20079692625 0.58729148125 0.22294463625 0.5876780712499999 0.23268308875 0.56850529625 0.2186900625 0.55315691125 0.19620023 0.55394227375 0.17585518875000003 0.56456011 0.1636604 0.57382214375 0.16359205500000001 0.5777376375 0.17201692999999998 0.58360819
0 0.3091042175 0.60246290375 0.30746697 0.51962393 0.30548840625 0.481870645 0.2978731525 0.474157535 0.292004745 0.4825772925 0.2896339375 0.50613682625 0.28433092875 0.5253432075 0.26537119875 0.5256835774999999 0.246833545 0.5359776475 0.24665753625 0.5460612125000001 0.24685563125 0.54984110375 0.25801941125 0.55646690625 0.2661095675 0.55604292 0.27608788875 0.5744484425 0.2673815025 0.58031288 0.26278894375 0.59587659375 0.274262305 0.6085768712499999 0.28101445875 0.60869473 0.2832715225 0.6083235075000001 0.3091042175 0.60246290375
0 0.53300929875 0.609342745 0.5426357675 0.60058159125 0.53371645125 0.57082467875 0.51513572375 0.539748895 0.48913911374999997 0.524396235 0.47160086375 0.5042211600000001 0.47651124 0.485615795 0.49911047750000004 0.45922421375 0.4972956575 0.44646483000000003 0.45882843624999997 0.45460277499999996 0.44608769375 0.469051275 0.42622614374999995 0.4820995175 0.3980758225 0.48464269000000004 0.36800407375 0.488856095 0.369303775 0.45736579374999997 0.34357719625 0.45105523249999996 0.33146434625 0.4565244475 0.3249464925 0.47231041625000003 0.31121550375 0.5719524675000001 0.31108362125 0.5795079675 0.32204595625000004 0.59121370875 0.34198917625 0.58990128375 0.37373129374999997 0.5876093262500001 0.39258821625 0.58892793125 0.41850306375 0.59254471625 0.429611285 0.60144234875 0.45385585624999997 0.603137695 0.48875024875 0.6073823925 0.51138735875 0.6089653325 0.53300929875 0.609342745
0 0.7547009437500001 0.783895465 0.7644527875 0.7814089049999999 0.7539474737499999 0.77312034125 0.7390780087500001 0.76694154125 0.7285099049999999 0.7577550725000001 0.72474866 0.7426786387500001 0.7339981937500001 0.7330086825 0.73144882 0.7223590900000001 0.7145323025 0.7127141962499999 0.69477745375 0.71409558875 0.68696595875 0.7056186074999999 0.6782155249999999 0.7067797312499999 0.67580106375 0.7524176174999999 0.66379486625 0.76137804125 0.58362648875 0.763374675 0.53597248125 0.76580467 0.52058177625 0.7650762475 0.5138377024999999 0.77186406625 0.46265478000000004 0.77544312625 0.38501851000000004 0.7844294025 0.38495874874999997 0.787853155 0.386656365 0.79306651625 0.43194275125 0.7938569925 0.50264781875 0.79249757 0.5189065975 0.7953749525 0.5659021825 0.79619526375 0.59031384 0.79448823375 0.63880298625 0.79109754125 0.65633029125 0.7913725637500001 0.72973428125 0.7862396549999999 0.7547009437500001 0.783895465