0 0.14028522000000002 0.724667135 0.14125 0.7184452837499999 0.14125 0.70650261 0.12856919875 0.6992477325 0.11467767125 0.71197201875 0.10946115000000001 0.7184854850000001 0.1200964875 0.73 0.12446535750000001 0.73 0.14028522000000002 0.724667135
0 0.37 0.8048254875 0.3686848825 0.78908473125 0.34678160625 0.8050037425 0.35436696875 0.8232656249999999 0.36561027 0.83375 0.36847624625000003 0.83375 0.37 0.8308532674999999 0.37 0.8048254875
0 0.42689271875 0.8603462275 0.44125 0.839604375 0.44125 0.83439785125 0.4241283475 0.819789145 0.40342233625 0.812483335 0.4015988225 0.8506455362500001 0.40235719875000003 0.8675 0.40708090124999996 0.8675 0.42689271875 0.8603462275
0 0.4773864425 0.725 0.505 0.72292101125 0.505 0.71420158 0.5029611712500001 0.7029159749999999 0.49322647000000003 0.6896589274999999 0.490910175 0.66752024875 0.464208965 0.66843851625 0.4522890475 0.6747666125 0.45441860875 0.6783546800000001 0.43975844875 0.67063351625 0.42771739750000004 0.67927294875 0.41226990375 0.686575015 0.4085656725 0.7130334112500001 0.40684561625 0.7171181925000001 0.43466124125 0.7236714987499999 0.44848495875 0.725 0.4773864425 0.725
0 0.5875 0.6605794625 0.5875 0.6564204225 0.583813655 0.6477590875 0.56691303875 0.64249200625 0.54680159875 0.63456026125 0.5370482825 0.62771719875 0.5091847325 0.6271158125 0.5071283787499999 0.646680715 0.5077988725 0.673513795 0.5069521375 0.6815699387499999 0.5182228025 0.70719001375 0.53993875125 0.72375 0.5461419399999999 0.72375 0.57455484 0.70263841875 0.579759685 0.6752592337500001 0.5875 0.6605794625
0 0.588691535 0.6425 0.593020595 0.6425 0.59797522375 0.63166092875 0.6125 0.6202091437499999 0.6125 0.60539097375 0.59453126 0.59935930625 0.5844859025 0.61013140625 0.57005669875 0.6280041574999999 0.56961752875 0.63796719625 0.588691535 0.6425
0 0.5077388475 0.51 0.5066487387499999 0.51 0.48912547000000006 0.5126427487499999 0.46908038124999996 0.52252792875 0.45259470625 0.53326331 0.44828591625 0.5371252375000001 0.4544101525 0.5540139712500001 0.46804254125 0.5504980075 0.47637155124999997 0.5660323 0.496061635 0.5775 0.49794797625000004 0.5775 0.5231336275 0.55613290625 0.5375 0.5438467825 0.5375 0.5401191475 0.53289004 0.521591875 0.5077388475 0.51
0 0.5875 0.52974390875 0.5719391837500001 0.51910627375 0.5499344162500001 0.51834278 0.5498841825 0.53376111375 0.57391469125 0.545 0.5775852637500001 0.545 0.5875 0.53340695125 0.5875 0.52974390875
0 0.6525 0.56810457 0.6486492712499999 0.54785139875 0.62784745625 0.548941575 0.60041443875 0.55617329375 0.6078615625 0.57875 0.622340845 0.57875 0.6525 0.57326610625 0.6525 0.56810457
0 0.6054612925 0.43302619875 0.57467108625 0.457220095 0.5763906725 0.46522015000000005 0.5692540675 0.49588032624999995 0.5925603825 0.5139713625 0.6320493275 0.52 0.64103906 0.52 0.67625 0.49469753625 0.67625 0.49244338249999997 0.6632952299999999 0.46378334875 0.63958530125 0.4399203625 0.6054612925 0.43302619875
0 0.79 0.5168266675000001 0.7682140637499999 0.49854648500000004 0.7391339575000001 0.48482767875 0.70715695625 0.49111026125 0.6983951387499999 0.5104630275 0.66797450125 0.5212559487499999 0.67154803625 0.54882264875 0.6938120012500001 0.5642993374999999 0.7081502749999999 0.5688531425 0.7246183937499999 0.58 0.73134805875 0.58 0.7652879 0.55804600625 0.78477134 0.5284621475 0.79 0.51890803125 0.79 0.5168266675000001
0 0.67518877 0.475 0.70875 0.475 0.70875 0.47086225374999996 0.702843675 0.44291155000000004 0.66665493 0.44796780374999995 0.67518877 0.475
0 0.73467541375 0.385 0.735 0.37445832625000003 0.735 0.34404051125 0.70869685125 0.35436693374999995 0.6679460325 0.3507085775 0.66167834125 0.36378392750000005 0.6892274487500001 0.38088102999999995 0.73016192625 0.385 0.73467541375 0.385
0 0.77125 0.36696737375 0.77125 0.36465057 0.7447161925 0.36452338625 0.7463333475 0.38875 0.7501610200000001 0.38875 0.77125 0.36696737375
0 0.9348482325 0.4325 0.9575 0.4325 0.9575 0.41348230999999996 0.93429847625 0.41164385625 0.9356140412499999 0.41278073499999995 0.9348482325 0.4325