0 0.52475476625 0.264939735 0.5389241650000001 0.26880446625 0.52034278875 0.27706679375 0.50674027625 0.29165645 0.4876653275 0.28582269374999997 0.46299095125 0.26726096125000004 0.458925915 0.28476749625 0.46521921749999995 0.30825442124999997 0.47594414125 0.33602633375 0.45980571750000004 0.33706714875000005 0.44988201250000004 0.29594670125 0.44433625875 0.27116498499999997 0.43204292125000004 0.24162435250000003 0.42086371375 0.23258044875 0.401207495 0.25317014 0.40801401499999995 0.30716519875 0.41398002375 0.34168469625 0.41419997625 0.35475960875 0.4196724125 0.37518302249999996 0.42873595999999997 0.38041586375 0.4360307875 0.38721712125 0.44128327375 0.39456562 0.44068235875 0.40457702124999995 0.44416612625 0.41349393624999997 0.48630774625 0.40329661 0.48911728125000004 0.41786662125 0.47454726875 0.42067615625000004 0.4778307325 0.43293020624999995 0.44943825875000004 0.4372544825 0.45556098375 0.45196726374999996 0.4890731375 0.44725743875 0.52584539875 0.43648202625000004 0.5262460087499999 0.4298077575 0.58644140625 0.42571781125 0.63226709875 0.42110026625 0.6426594637499999 0.39861486625 0.654663635 0.38797015125 0.654582025 0.38738947 0.63330265 0.375948805 0.6450631262500001 0.35856926 0.63919007875 0.34482011375 0.61936758125 0.34028115 0.6075337875 0.35330239124999996 0.59226989875 0.34535297625 0.58904011 0.32104518499999996 0.56511328375 0.30118866 0.5687384200000001 0.25753229875 0.54767480125 0.24019204375 0.50987184125 0.23390400374999998 0.47619285375 0.25934557375 0.48418156 0.27690578 0.52475476625 0.264939735
0 0.38543602625 0.40336462375000004 0.3751489275 0.38397284249999997 0.3533931175 0.36806175375 0.3377018325 0.39085165625 0.35186935124999996 0.3964867525 0.37061284375 0.40331082 0.38425080375 0.4166241625 0.3702780525 0.42715984625 0.35846344 0.42750949499999996 0.354172195 0.43274487624999997 0.36450844875 0.44204274374999997 0.36562427124999997 0.441885925 0.3858543475 0.42925306375 0.38595685750000003 0.40707053125000003 0.38543602625 0.40336462375000004
0 0.50470940125 0.4796194075 0.5037071875 0.47686704125 0.4792104 0.47796597875 0.46787863375 0.492846105 0.48740086875000005 0.5005084075 0.49216794875 0.49983843875 0.5068742525 0.4950231225 0.50470940125 0.4796194075
0 0.60045474 0.46031648124999996 0.57189626625 0.4572965975 0.567904175 0.47053980250000005 0.5746503924999999 0.47562344250000005 0.57684941 0.47531439 0.5903305825 0.470590725 0.6006117587500001 0.46143373 0.60045474 0.46031648124999996
0 0.58968415 0.5148822200000001 0.5805072637500001 0.5247232275 0.5963555075 0.5241697949999999 0.600011215 0.52381287375 0.67975373875 0.51260579375 0.6795933825 0.51146479875 0.665423665 0.50271679625 0.6492433599999999 0.49376128125 0.642400945 0.509867795 0.6381747475 0.5100153774999999 0.6344516662499999 0.49427782 0.6233696325 0.47985507875000005 0.62231308125 0.479891975 0.6122641225000001 0.495052625 0.6033824 0.51334603 0.58833243625 0.50646672 0.56410558375 0.509428415 0.56749660875 0.5156570275 0.58968415 0.5148822200000001
0 0.702816205 0.49653537 0.71206994625 0.50301490875 0.72218704625 0.5015930425 0.7246534225000001 0.49976368250000003 0.724333935 0.49749041 0.71073576 0.48399512875 0.702816205 0.49653537
0 0.6833511225 0.5173371499999999 0.62003193375 0.52166398375 0.58750026625 0.52914704 0.58794301375 0.54182563625 0.62467716625 0.5405428525 0.63179876625 0.53954197625 0.64032775125 0.527302265 0.65413668875 0.52893572125 0.6625152937500001 0.52652745875 0.67534350875 0.5334221625 0.67588532 0.53334601625 0.68601332375 0.53020019625 0.68502303125 0.52315389625 0.6833511225 0.5173371499999999
0 0.47641258125 0.54772569375 0.45867580125 0.5407157174999999 0.45645849624999996 0.54136452125 0.45115301750000003 0.5535022412499999 0.4572753075 0.5577582275 0.4598084025 0.55740222375 0.47674100750000004 0.550062565 0.47641258125 0.54772569375
0 0.39169541750000003 0.5209672075 0.379287785 0.53704410125 0.36348764625 0.54049196 0.36780803 0.54570332 0.36278117625 0.5605940300000001 0.36391201 0.56480371 0.38214203124999996 0.5632683825 0.394901615 0.56147514 0.38913318750000003 0.55590463375 0.4026150475 0.5525445775 0.40085001374999996 0.53998570625 0.38993191375 0.5410877275 0.39169541750000003 0.5209672075
0 0.6810836425 0.41711879625000003 0.680656135 0.4086061575 0.70325423875 0.40891551375 0.7316586599999999 0.40590260875 0.7297917725 0.39261901125000004 0.72628493 0.38123752125000004 0.70852533125 0.37792800125 0.69517672875 0.3631056825 0.69027533875 0.37792546125000004 0.67159529875 0.3876602725 0.6564687025000001 0.38710699125 0.6580605749999999 0.39004680875 0.65511821625 0.40988867375 0.6401726600000001 0.42862651625 0.6496635437499999 0.43983504875 0.6719363625 0.44049195500000005 0.68191350875 0.43908975875 0.6891662325 0.4264286425 0.6810836425 0.41711879625000003
0 0.8821642525 0.3405745675 0.96544819875 0.34622560874999997 0.9803594575 0.34412996874999996 0.980285925 0.34272690625 0.9759418737500001 0.31181737 0.9573056762500001 0.31593605875 0.94368633875 0.299133995 0.9284722625 0.31267011125 0.9100822137500001 0.32637267000000003 0.8821642525 0.3405745675