0 0.48128741750000004 0.42981536499999995 0.45421500125000003 0.42680731875 0.456220365 0.44184755000000003 0.48128741750000004 0.44585827875 0.52440274875 0.4448555975 0.52640811375 0.43883950374999997 0.5825583125 0.4498690075 0.62567364375 0.4568877825 0.640713875 0.43883950374999997 0.654751425 0.43182072875000005 0.63770582875 0.415777815 0.65274606125 0.4027429475 0.6507406962500001 0.3887053975 0.6336951 0.37968125875 0.61965755125 0.3887053975 0.6076253650000001 0.377675895 0.61063341125 0.354614205 0.593587815 0.33054983374999997 0.6076253650000001 0.2914452325 0.59258513375 0.2703889075 0.55949662375 0.25534867625 0.522397385 0.2703889075 0.5254054312499999 0.28843718625000003 0.56551271625 0.28743450374999996 0.57754490125 0.29445327875 0.5584939412500001 0.297461325 0.5424510275 0.30748814625000004 0.52640811375 0.297461325 0.5083598349999999 0.27439963625 0.50033837875 0.2894398675 0.50033837875 0.31250155625000003 0.503346425 0.34057665625 0.48830619249999996 0.33756861 0.489308875 0.297461325 0.49031155750000005 0.27339695375 0.48630082874999997 0.24331649 0.47827937125 0.23228698625 0.4552176825 0.24632453625 0.44819890749999997 0.297461325 0.44519086125 0.33054983374999997 0.44218281625000005 0.34258202 0.44218281625000005 0.36263566249999996 0.44920159 0.3696544375 0.45421500125000003 0.377675895 0.45722304625 0.38569735125 0.45421500125000003 0.39472149125 0.4552176825 0.40374563 0.49632765 0.40474831125 0.4953249675 0.41878586125 0.48128741750000004 0.41778317875 0.48128741750000004 0.42981536499999995
0 0.39505675500000004 0.396726855 0.40508357625 0.41176708625 0.390043345 0.41878586125 0.37901384125 0.41678049625 0.37400043125000004 0.42079122625 0.38202188875 0.43182072875000005 0.40408089500000005 0.4237992725 0.409094305 0.40073758374999996 0.40307821250000003 0.37968125875 0.38603261625 0.36063029874999997 0.36698165625 0.37867857625 0.37901384125 0.38670003375 0.39505675500000004 0.396726855
0 0.51136788125 0.4829575175 0.48830619249999996 0.47994947125000004 0.475271325 0.49198165625 0.4933196025 0.50301116 0.51437592875 0.5000031137500001 0.51136788125 0.4829575175
0 0.57152880875 0.48496288125 0.57754490125 0.49097897375000005 0.59258513375 0.4879709275 0.60461731875 0.47994947125000004 0.5770262724999999 0.47305171 0.57152880875 0.48496288125
0 0.56250467 0.5260728487499999 0.56551271625 0.5320889412500001 0.58656904 0.5320889412500001 0.57754490125 0.54111308 0.59258513375 0.54111308 0.640713875 0.5381050337500001 0.673802385 0.53309162375 0.6587621525 0.5230648025 0.6437219224999999 0.5140406625 0.63670314625 0.529080895 0.6326924174999999 0.529080895 0.6296843725 0.5140406625 0.61965755125 0.5000031137500001 0.61865486875 0.5000031137500001 0.6086280475 0.5140406625 0.59960390875 0.53108625875 0.58556635875 0.52406748375 0.56250467 0.5260728487499999
0 0.70588821375 0.5371023512499999 0.715915035 0.5320889412500001 0.7043211075000001 0.51566421125 0.69485870875 0.5260728487499999 0.70588821375 0.5371023512499999
0 0.6226655975 0.5591613587500001 0.63168973625 0.5471291724999999 0.64472460375 0.54913453625 0.65274606125 0.5471291724999999 0.6647782462499999 0.5541479475 0.67580774875 0.55113990125 0.6727997025000001 0.539107715 0.61263877625 0.54111308 0.58155563 0.5471291724999999 0.58155563 0.5591613587500001 0.6226655975 0.5591613587500001
0 0.45120695499999997 0.5471291724999999 0.45722304625 0.55214258375 0.47827937125 0.54512380875 0.45937165125 0.53566994875 0.45722304625 0.53609967 0.45120695499999997 0.5471291724999999
0 0.36898702 0.54412112625 0.3699897025 0.5481318550000001 0.40007016624999997 0.54612649125 0.39405407375 0.5401103975 0.40708894125 0.5371023512499999 0.40708894125 0.52507016625 0.39505675500000004 0.5260728487499999 0.39706212 0.50702188875 0.38502993500000005 0.52206212 0.3699897025 0.52507016625 0.37400043125000004 0.53008357625 0.36898702 0.54412112625
0 0.68082116 0.47192801375000004 0.69084798125 0.45989582749999997 0.68483188875 0.4498690075 0.6858345699999999 0.44184755000000003 0.7068908949999999 0.44585827875 0.7359686762500001 0.4478636425 0.73296063 0.4237992725 0.71691771625 0.41778317875 0.7068908949999999 0.401740265 0.69987212 0.41477513250000003 0.68082116 0.42079122625 0.66678361 0.41778317875 0.6677862925 0.42079122625 0.6617702 0.43883950374999997 0.64472460375 0.45387973625 0.6517433787500001 0.46591192124999997 0.68082116 0.47192801375000004
0 0.9908691575 0.3738484175 0.975787435 0.38591379625 0.9576893675 0.38893014125 0.94562399 0.37234024625000006 0.9305422675 0.38440562375 0.91244420125 0.39647100125 0.8852971012499999 0.40853638 0.97277109 0.41909358500000005 0.9908691575 0.41306089625 0.9908691575 0.3738484175