0 0.8534006425 0.6749378149999999 0.85849701 0.6667767050000001 0.8562297437499999 0.65503873625 0.8591653275 0.65955903375 0.8645141049999999 0.65679963125 0.8652343887499999 0.64526377125 0.8667311187500001 0.63822220875 0.8640596687500001 0.6324592637500001 0.8692684325000001 0.6344322725 0.87444116625 0.6209377112500001 0.87634805375 0.60889809375 0.8719055725 0.6016576337499999 0.8633830450000001 0.59898026375 0.8574179662500001 0.60463913625 0.84495535 0.598093805 0.83681100125 0.59160049875 0.83359535 0.596545015 0.82903891375 0.59557651375 0.822965655 0.58952343125 0.8192258975 0.6173015512500001 0.8205348075000001 0.63965890125 0.8332715749999999 0.6510246775 0.84278266625 0.66127190125 0.84563197625 0.6737073787500001 0.8534006425 0.6749378149999999
0 0.89192316 0.6134720275 0.8811502225 0.61063657875 0.87293217125 0.6442623512500001 0.8710717662499999 0.6538601325000001 0.8747319362499999 0.6717024875 0.8858419775 0.67627927375 0.8891656525 0.6768056925 0.89390514625 0.671588695 0.8915097212499999 0.66196939625 0.88882726 0.6591326687500001 0.89492063625 0.6457218374999999 0.90117515625 0.63592897375 0.9036814099999999 0.62010510375 0.89192316 0.6134720275
0 0.8962907925 0.57668769125 0.8991426149999999 0.5688562625 0.90133175 0.5550346075 0.9012831275000001 0.54911534125 0.8945028125000001 0.54655196125 0.89317878 0.549516125 0.8885554274999999 0.56165337125 0.8889244687500001 0.57552098 0.8962907925 0.57668769125
0 0.60384561125 0.61551389125 0.6001722174999999 0.63736153625 0.6008052575 0.63746179875 0.61754165875 0.62085236125 0.617801195 0.61921371125 0.607552925 0.61505346 0.60384561125 0.61551389125
0 0.63352625375 0.62852189 0.62437378125 0.61651456875 0.59931394875 0.6447353662499999 0.609291595 0.6622048599999999 0.6236111375 0.6839694625 0.62377266375 0.6841292475 0.62749356875 0.68471858 0.634738075 0.65610865375 0.63683858875 0.64284653375 0.6339312975 0.64197371375 0.63165615875 0.6359233975 0.63352625375 0.62852189
0 0.5634052350000001 0.688047275 0.55699708125 0.6880019224999999 0.55532649 0.6907605125 0.57993050375 0.7050281225 0.58156512375 0.70528702 0.6073492300000001 0.701185955 0.608366185 0.69476515125 0.5951104487500001 0.67240474375 0.58715637375 0.67727362625 0.5732135075 0.68215609125 0.5634052350000001 0.688047275
0 0.5668780925 0.40815916625 0.5536051725 0.37012996125000003 0.5343940675000001 0.35640179000000005 0.50768355125 0.34821723125 0.505210855 0.33875865 0.47829908000000004 0.32632308375 0.452262465 0.34573678 0.43381393500000004 0.35791533375 0.41683353625 0.36635442375 0.39595486 0.3601716775 0.38246480750000006 0.3505597425 0.37333666875 0.33863213625 0.3614549775 0.35497124874999997 0.3497302225 0.37640713499999995 0.33351599 0.42686685375000005 0.3309619025 0.45132761250000003 0.32420465375 0.49125778 0.32436158625 0.49635453875 0.32810113125 0.49782267124999996 0.327688135 0.49724914374999996 0.33773811000000004 0.500041525 0.33421067250000003 0.5511661212500001 0.34187068 0.5668331925 0.34354550625 0.59151559125 0.33535901500000004 0.61016858875 0.33055387625 0.6209419475 0.34197377250000005 0.629597285 0.36984217125 0.63996277125 0.3933911825 0.6437411774999999 0.39601358 0.62606870625 0.38005085375000003 0.6069981962500001 0.3929963625 0.5703606675 0.39684310375000004 0.553600455 0.42045860375 0.5561102425 0.40953169375000004 0.5623223075 0.40624080874999996 0.5765673725 0.4084475325 0.591100555 0.41292566999999997 0.61084133625 0.405450195 0.62401900375 0.40019817125 0.62713610625 0.39768661 0.6426941637500001 0.40679076625 0.6469876999999999 0.45513352625000003 0.6469769575 0.49036836125 0.6543361299999999 0.52704923375 0.65837871375 0.53757726 0.67047723625 0.5626918612499999 0.6744549987499999 0.57171888875 0.65563121625 0.56784277625 0.64058648625 0.55902486375 0.62273851125 0.5476067637500001 0.622140115 0.52930979875 0.61524458375 0.52507724375 0.59890904625 0.53511404125 0.593498425 0.54835669125 0.59164816375 0.5443367287499999 0.5307990275000001 0.54336568625 0.46841349125 0.539670465 0.46609960125 0.54334172625 0.4607794225 0.54514227125 0.4506966925 0.55615965125 0.45085004375 0.55867256875 0.54045529 0.5631913937499999 0.5432363675 0.5668848175 0.5374933025 0.57052309125 0.484254285 0.574151825 0.48783681875 0.6056027875000001 0.49457363875 0.61753246625 0.49350266125 0.62434484375 0.50106845 0.61591276875 0.51631621625 0.62281384125 0.52219047875 0.632405595 0.5171805687500001 0.6504429487500001 0.5169991575 0.65114161875 0.5125879262499999 0.640327935 0.51165913375 0.6354526687500001 0.50758722625 0.6377869549999999 0.49541224749999996 0.62683426625 0.48593328874999997 0.61080869375 0.48424533 0.61483455375 0.47215901625 0.6112704637499999 0.45925087124999997 0.6118191325 0.42450792 0.613010465 0.37750133625 0.6033743874999999 0.38335701 0.59857284375 0.41024426374999995 0.5931214025 0.4171673325 0.5751143 0.41283126125 0.5668780925 0.40815916625
0 0.26925115875 0.42681838874999994 0.26597415375 0.44746465625 0.25956026875 0.46368723125 0.26466464625 0.465257705 0.281398955 0.46790815875 0.29238487875 0.43645284250000005 0.29482777250000003 0.4210290175 0.29215645375 0.3792012675 0.2802858025 0.38372694125 0.27561398125000003 0.40309220250000005 0.26925115875 0.42681838874999994
0 0.319901825 0.3829531825 0.320996235 0.42229091375000005 0.321421725 0.422358305 0.32667064 0.4037641 0.32985682250000004 0.38364733 0.31984368750000003 0.3800269125 0.319901825 0.3829531825
0 0.08279917875000001 0.52866095 0.08169436749999999 0.5356364575 0.08156639375 0.53799102 0.09508909750000001 0.54597399625 0.09910344125 0.546609805 0.10402694 0.54697158 0.10558210375 0.537152665 0.10550108625 0.536085205 0.09924500875 0.5281069724999999 0.08821691375 0.52813026 0.08279917875000001 0.52866095
0 0.07416805875 0.50678976375 0.07471575625 0.50731089625 0.08083782625 0.50828053625 0.085555845 0.503782155 0.08564355000000001 0.5032284075 0.0756168225 0.50099052125 0.07416805875 0.50678976375
0 0.0883415675 0.5101654975000001 0.08982819624999999 0.51599725875 0.09844082374999999 0.5211932287500001 0.10416938125 0.52210054375 0.1053423725 0.5146945675 0.10625600125 0.507473505 0.10021443125 0.50302258375 0.09595776624999999 0.50322323875 0.08834337625 0.51015408 0.0883415675 0.5101654975000001