0 0.12029676625 0.69568222 0.1083626975 0.7087009025000001 0.10402302625000001 0.71521027375 0.11595709375 0.7260591650000001 0.1333157225 0.71846493 0.13440067 0.70219153125 0.12029676625 0.69568222
0 0.35029866125 0.8161051975 0.34855818749999995 0.78020900875 0.3275155325 0.79440735375 0.33402498125 0.8117656175000001 0.34595899 0.8236994337500001 0.35029866125 0.8161051975
0 0.41756339750000004 0.8236994337500001 0.3991198225 0.80851096125 0.3795913575 0.80200159125 0.37850647000000004 0.8378030425 0.3795913575 0.855161305 0.402374605 0.8464822037499999 0.41756339750000004 0.8236994337500001
0 0.47397901374999996 0.6967670850000001 0.46421478125 0.6848332675000001 0.4609599975 0.6642203487499999 0.43600697375 0.6663901387500001 0.42515785375 0.6728994512500001 0.42732762999999996 0.6761541662499999 0.41322372625 0.669644795 0.402374605 0.6783239562500001 0.38827070124999996 0.6859181925 0.386100925 0.7108706925 0.38469099999999995 0.71477932125 0.41105394875 0.719549855 0.43600697375 0.7206347200000001 0.47831856500000003 0.71521027375 0.47397901374999996 0.6967670850000001
0 0.54449841375 0.669644795 0.55100786125 0.6533713962500001 0.54558330125 0.64360737 0.52930962125 0.6403527149999999 0.5097811575 0.63492826875 0.500016925 0.6295038224999999 0.47397901374999996 0.6316736125 0.47397901374999996 0.65011674125 0.4772336775 0.67506924125 0.4772336775 0.6826634774999999 0.49025269250000003 0.7054462475 0.5152057175 0.7206347200000001 0.54232863625 0.69568222 0.54449841375 0.669644795
0 0.5770458924999999 0.60780597875 0.559687205 0.6012966075 0.54992297375 0.61106063375 0.5358190700000001 0.6273340325 0.535081625 0.63665432125 0.55643254 0.6425225050000001 0.56185710125 0.6316736125 0.57813078125 0.619739795 0.5770458924999999 0.60780597875
0 0.49133758125 0.5633253650000001 0.50652637375 0.5524764725 0.50327171 0.5318635537499999 0.48048846125 0.51884481125 0.46312977375000003 0.5199297362499999 0.44360130875000003 0.5275239725 0.42732762999999996 0.536203075 0.42298795749999996 0.53945779 0.42732762999999996 0.55573112875 0.440346645 0.55356133875 0.44685609374999996 0.56874987125 0.46529967 0.58176855375 0.49133758125 0.5633253650000001
0 0.516290605 0.5275239725 0.5175035 0.54192775875 0.543413525 0.5513916075 0.554262645 0.536203075 0.5369039575 0.5264390474999999 0.516290605 0.5275239725
0 0.5716213324999999 0.58393834375 0.61393292625 0.5785138975 0.61067826125 0.55464626375 0.59114979625 0.55464626375 0.5651117662499999 0.56007070875 0.5716213324999999 0.58393834375
0 0.554262645 0.5199297362499999 0.597659245 0.52969376375 0.63454639625 0.506910995 0.6236971575 0.47761891375 0.603083805 0.45375130875 0.5716213324999999 0.4450721775 0.54124363 0.46568512624999997 0.54232863625 0.4732793625 0.5336492925 0.50148654875 0.554262645 0.5199297362499999
0 0.7169998049999999 0.565495155 0.7376132775 0.53945779 0.744122725 0.52969376375 0.7245942612499999 0.51016570875 0.6985563487500001 0.4949771775 0.668178645 0.4982318925 0.65841441375 0.515590155 0.6291217175 0.5231843924999999 0.6302067250000001 0.5492218175 0.6497351887499999 0.565495155 0.662754085 0.57091966125 0.68011277375 0.58502321 0.7169998049999999 0.565495155
0 0.62695194125 0.461345545 0.636644125 0.48724025875000004 0.6692636525000001 0.48738294125000003 0.66058430875 0.45483620375 0.62695194125 0.461345545
0 0.62803683 0.3669599625 0.62152738125 0.37889378 0.6464804049999999 0.3962520425 0.6887921174999999 0.402761385 0.69204678125 0.36370527750000003 0.66600887 0.37238440875 0.62803683 0.3669599625
0 0.6996412375 0.40601607 0.7278490449999999 0.38323333 0.70109725 0.37981838375000004 0.6996412375 0.40601607
0 0.8786521974999999 0.42554412375 0.8798081875 0.42669338375000004 0.87756719 0.44724196749999995 0.9003504375 0.44832686375 0.9003504375 0.42879878 0.8786521974999999 0.42554412375