0 0.39854651124999996 0.24341761875 0.41423054625 0.22947655125 0.39418984375 0.21117888375 0.3663071225 0.21205020375 0.328839705 0.21292152375 0.2852729 0.21902073875 0.2687175475 0.22947655125 0.24780548249999998 0.235575765 0.253904825 0.25561606000000003 0.256410655 0.256247275 0.3026996125 0.25735869875 0.3209976875 0.24428893875 0.35323712375 0.24690288625 0.39854651124999996 0.24341761875
0 0.41161650875 0.28175558 0.37484202625 0.29467864625 0.39506115875 0.31138035625 0.41858721375 0.30528114125 0.42904327125 0.29134007375 0.41161650875 0.28175558
0 0.44995528749999997 0.31138035625 0.42730054625 0.32445010375000005 0.41797928125 0.33860021625000003 0.436013975 0.34274777125 0.45518336374999996 0.3296780225 0.46389669625 0.31138035625 0.44995528749999997 0.31138035625
0 0.5919830312500001 0.3288067025 0.622479695 0.32619274249999997 0.6128950475 0.3026671825 0.6033103049999999 0.288726115 0.58326960125 0.2974392875 0.567585565 0.28959743374999997 0.549287585 0.288726115 0.52924678625 0.30440982125 0.5048494175 0.30876639625 0.48480871375 0.313122995 0.47609538125 0.31747956875 0.483861635 0.3370315875 0.51530547375 0.34187645125000005 0.53273213875 0.33316327749999997 0.5649716225 0.33142066124999997 0.5919830312500001 0.3288067025
0 0.724425935 0.3218361675 0.7392386575000001 0.33403459750000003 0.7270399725 0.34187645125000005 0.719197955 0.36278807625 0.7113559362499999 0.38282835875000004 0.7096133062500001 0.40722524 0.7130985637499999 0.42552290625 0.7270399725 0.43597869625 0.74272400875 0.45689032124999995 0.7636360262499999 0.48825773624999996 0.7993608625 0.4778019225 0.80371752875 0.44730582750000003 0.7880334925 0.43162211999999994 0.7871620825 0.4220376275 0.801974805 0.3880562775 0.80720288125 0.39589813125 0.8394422687499999 0.39241285249999996 0.8525122675 0.373243865 0.85861165875 0.34797568875 0.8699390287500001 0.3288067025 0.8708103425 0.3009245425 0.862968325 0.2939540075 0.8411848974999999 0.29831060625 0.8298575262500001 0.274785035 0.81330217625 0.26084396625 0.8002321775 0.27914162125 0.7923901587500001 0.30353850125000004 0.77932006375 0.31399431499999997 0.79500410125 0.25910132625 0.78280541625 0.27652767375 0.77409208375 0.27914162125 0.7549226950000001 0.28436953875 0.75840804625 0.2678145 0.74272400875 0.26258659375 0.72616865875 0.26345791375 0.69828593625 0.26084396625 0.69305786 0.2530021125 0.6826019 0.237318405 0.66604645375 0.235575765 0.63816373125 0.25561606000000003 0.63293575125 0.287854795 0.66168978625 0.3026671825 0.66430382375 0.3288067025 0.688701195 0.33316327749999997 0.70089987875 0.32706406250000003 0.724425935 0.3218361675
0 0.735753305 0.46908874875 0.72965401125 0.4534050425 0.7148412875 0.4542763625 0.71222724875 0.4891290325 0.719197955 0.5074267225 0.730525325 0.4908716725 0.735753305 0.46908874875
0 0.9440024524999999 0.41332445375 0.9352891200000001 0.46996006875 0.923090435 0.50655537875 0.91002043625 0.5091693625 0.88126630375 0.5135259375 0.8577402475 0.5326949225 0.8594829724999999 0.55709178 0.85512630625 0.5736468325 0.85512630625 0.5875878999999999 0.873424285 0.59281576875 0.8995643787500001 0.59630104875 0.9187337675 0.59281576875 0.92396174875 0.6084994775 0.92657578625 0.6555506 0.9257044725 0.69998778625 0.90304973125 0.70782964 0.89346508375 0.73135520125 0.8769096375 0.7357117762500001 0.81330217625 0.7479102537500001 0.851640955 0.7592373375 0.9178624550000001 0.7566234025 0.9718852687499999 0.75749474625 0.99366860125 0.7496528925 0.9954113250000001 0.7182854774999999 0.9727565837500001 0.71741413375 0.984083955 0.6930172775 0.9858265825 0.649451385 0.99628263875 0.62331188875 0.99715395375 0.25823001875 0.98582241875 0.26409041250000004 0.95968648875 0.3026671825 0.9492305274999999 0.35320358375 0.9466164912499999 0.38195703875 0.9440024524999999 0.41332445375
0 0.82027288 0.5658049775 0.8002321775 0.55622048375 0.77844874875 0.55622048375 0.76543026125 0.5715413925 0.77670612125 0.591944475 0.82462954625 0.58410262 0.8350856025 0.57626076625 0.82027288 0.5658049775
0 0.706127955 0.48651509750000005 0.7000285649999999 0.47867324250000004 0.69305786 0.48651509750000005 0.69305786 0.52311043125 0.69567189875 0.60327160625 0.7209405825 0.6076281812500001 0.7287826012499999 0.6084994775 0.7401099725 0.59455840875 0.73488199125 0.5797460449999999 0.72616865875 0.57451812625 0.73488199125 0.55622048375 0.74272400875 0.55622048375 0.75318006625 0.54924992625 0.75318006625 0.5361801549999999 0.73405771375 0.5268355087500001 0.7157126012499999 0.527467005 0.7096133062500001 0.5091693625 0.706127955 0.48651509750000005
0 0.51269143625 0.5997863275 0.5466735475 0.5980436875 0.5701996025 0.5980436875 0.5815269737500001 0.590201835 0.6067956575 0.588459195 0.6250937325 0.588459195 0.6555904925 0.59281576875 0.67475988125 0.59542975375 0.6869585650000001 0.58410262 0.67998786125 0.48041588249999995 0.67475988125 0.46473217499999997 0.6634325112499999 0.45863296124999997 0.63816373125 0.46298953625000006 0.6372924175 0.49348565499999997 0.60853838125 0.48738644000000003 0.5815269737500001 0.4830298175 0.56322889875 0.46908874875 0.5519015275 0.4542763625 0.51530547375 0.44382054875 0.51269143625 0.45601900125 0.53273213875 0.4830298175 0.53621749125 0.5013275075 0.5179195125 0.5196251512500001 0.49177941750000004 0.5326949225 0.471738715 0.561448355 0.46111653625000004 0.5895806075 0.4708674 0.5997863275 0.4839374 0.5997863275 0.51269143625 0.5997863275
0 0.29311491749999996 0.71305755875 0.27743088125 0.7235133475000001 0.275688205 0.733969185 0.2852729 0.7426823349999999 0.28265890875 0.75749474625 0.273074215 0.7670791925 0.25913285375 0.77404974875 0.24954815875000003 0.78276289875 0.25913285375 0.78450553875 0.29572895625 0.7853768825 0.3410383425 0.7862481775000001 0.3715351025 0.7836342424999999 0.41858721375 0.7836342424999999 0.44995528749999997 0.7836342424999999 0.47870941875 0.7818916025 0.5031067875 0.77579238875 0.57194223125 0.77230710875 0.61463767625 0.77056447125 0.61725171375 0.76010868125 0.5405741574999999 0.7566234025 0.49090810375 0.7566234025 0.4839374 0.7505241875 0.46912467625 0.7522668275 0.42294388 0.75313812375 0.345395105 0.7566234025 0.3331963725 0.74878154875 0.3277832025 0.7048747249999999 0.3192550125 0.70434436125 0.31228430625000003 0.71305755875 0.29311491749999996 0.71305755875