0 0.9833984375 0.380859375 0.9736328125 0.3828125 0.970703125 0.3857421875 0.970703125 0.3916015625 0.96875 0.3935546875 0.9697265625 0.400390625 0.98046875 0.3994140625 0.9853515625 0.3984375 0.98828125 0.3955078125 0.98828125 0.3876953125 0.9833984375 0.380859375
0 0.7958984375 0.35546875 0.7890625 0.3603515625 0.78515625 0.3681640625 0.7880859375 0.37109375 0.7939453125 0.37109375 0.7998046875 0.375 0.80859375 0.3740234375 0.8115234375 0.373046875 0.81640625 0.3662109375 0.8115234375 0.357421875 0.7958984375 0.35546875
0 0.7138671875 0.341796875 0.7001953125 0.337890625 0.6845703125 0.326171875 0.68359375 0.3291015625 0.6875 0.3349609375 0.6875 0.3388671875 0.6953125 0.3466796875 0.6953125 0.3505859375 0.7041015625 0.359375 0.70703125 0.3583984375 0.7099609375 0.353515625 0.716796875 0.3505859375 0.716796875 0.3447265625 0.7138671875 0.341796875
0 0.935546875 0.3876953125 0.9375 0.3798828125 0.9345703125 0.376953125 0.9326171875 0.37890625 0.9267578125 0.37890625 0.9208984375 0.384765625 0.9091796875 0.388671875 0.900390625 0.3974609375 0.900390625 0.4033203125 0.9033203125 0.40625 0.90625 0.4052734375 0.9208984375 0.40234375 0.923828125 0.3935546875 0.9267578125 0.390625 0.935546875 0.3876953125
0 0.4287109375 0.4609375 0.4208984375 0.45703125 0.3994140625 0.45703125 0.3955078125 0.453125 0.3896484375 0.453125 0.3798828125 0.44921875 0.376953125 0.4501953125 0.376953125 0.4541015625 0.3857421875 0.4609375 0.4033203125 0.462890625 0.4111328125 0.466796875 0.4169921875 0.466796875 0.4248046875 0.47265625 0.4423828125 0.48046875 0.455078125 0.4794921875 0.455078125 0.4755859375 0.4501953125 0.46875 0.4345703125 0.4609375 0.4287109375 0.4609375
0 0.2392578125 0.39453125 0.2236328125 0.384765625 0.2177734375 0.376953125 0.2138671875 0.375 0.1904296875 0.376953125 0.1767578125 0.369140625 0.1650390625 0.37109375 0.16015625 0.3740234375 0.162109375 0.3896484375 0.1650390625 0.392578125 0.2333984375 0.4140625 0.2451171875 0.423828125 0.25390625 0.4228515625 0.259765625 0.4189453125 0.255859375 0.4169921875 0.25 0.4052734375 0.2392578125 0.39453125
0 0.60546875 0.4580078125 0.60546875 0.4541015625 0.59765625 0.4384765625 0.599609375 0.4150390625 0.595703125 0.4033203125 0.5888671875 0.3984375 0.5859375 0.3916015625 0.5732421875 0.380859375 0.5615234375 0.37890625 0.5595703125 0.376953125 0.5517578125 0.376953125 0.5498046875 0.37890625 0.5419921875 0.376953125 0.533203125 0.3994140625 0.53515625 0.4013671875 0.537109375 0.4169921875 0.544921875 0.4287109375 0.560546875 0.4482421875 0.578125 0.4638671875 0.5810546875 0.470703125 0.5966796875 0.4765625 0.61328125 0.4755859375 0.6240234375 0.474609375 0.625 0.4716796875 0.6123046875 0.46484375 0.60546875 0.4580078125
0 0.8828125 0.3330078125 0.8798828125 0.330078125 0.875 0.3330078125 0.873046875 0.3447265625 0.865234375 0.3525390625 0.8681640625 0.35546875 0.876953125 0.3544921875 0.880859375 0.3505859375 0.880859375 0.3447265625 0.8828125 0.3427734375 0.8828125 0.3330078125
0 0.38676841875 0.44575145125 0.4074335 0.45401729625000004 0.41735275 0.4531907325 0.38759509125 0.43169952125 0.36693001000000003 0.41434126499999996 0.35122459874999995 0.40855515875000004 0.3255999375 0.409381745 0.2983220675 0.40690200750000005 0.27269740625 0.40359566 0.259471785 0.40607542 0.25864520375 0.41599441625 0.256991995 0.42508684875 0.26525799125 0.43169952125 0.3156807325 0.4383121925 0.34543834625000003 0.43996536625 0.3561841775 0.4383121925 0.38676841875 0.44575145125
0 0.8843826325 0.3986361625 0.89099546625 0.38458423125 0.8835560512499999 0.36887912749999996 0.86867722125 0.36309302000000004 0.8563419525 0.3667663875 0.8413993974999999 0.38789055625 0.83809298125 0.39698298875 0.8711570562500001 0.40607542 0.8843826325 0.3986361625
0 0.80585548625 0.32424357625 0.7942830725000001 0.3225904025 0.7992427437499999 0.34077524375 0.80750874 0.34077524375 0.8091619025 0.33085624750000003 0.80585548625 0.32424357625
0 0.0081848875 0.39367664124999996 0.01066467875 0.38954373 0.00735826125 0.3771449725 0.00074547375 0.3746652125 0.00074547375 0.39450322875 0.0081848875 0.39367664124999996