0 0.07234506125000001 0.53125 0.08584486125 0.53125 0.0887378575 0.530628205 0.08875 0.53060433625 0.08875 0.51914907375 0.08776901875 0.51677314875 0.07391396125 0.51774198875 0.06931174125 0.5230362375 0.06972695875 0.52897411875 0.07234506125000001 0.53125
0 0.154117065 0.5 0.15875 0.49404337 0.15875 0.49213988125 0.1547991075 0.48976934624999996 0.13297371 0.48976934624999996 0.12702133 0.491753475 0.12206101125 0.49671379125000004 0.12206101125 0.5 0.154117065 0.5
0 0.79228074625 0.54 0.8045219375000001 0.54 0.80851621625 0.53516103875 0.8223712725 0.5361298787500001 0.8284475600000001 0.5345658025 0.8337418074999999 0.5299635825 0.8382540187499999 0.5223232200000001 0.83875 0.5152303575 0.83875 0.50753867125 0.8365999325 0.50331231875 0.8327797499999999 0.501056215 0.8228832812500001 0.50036418625 0.81363044625 0.504689595 0.81505611625 0.512745175 0.8099002725 0.5153681025 0.7761138737500001 0.51499449875 0.772937325 0.51775583125 0.7726121175 0.536628325 0.7805292925 0.5371819475 0.7863583475 0.54 0.79225707375 0.54 0.79226665 0.539991675 0.79228074625 0.54
0 0.7825334349999999 0.45223136625000004 0.7866093075 0.45375 0.79726743375 0.45375 0.7973707 0.45374216250000005 0.80338869875 0.45196697874999997 0.8046917600000001 0.44307847 0.81652002625 0.44547685625 0.8266423525000001 0.43987432750000005 0.8325911062500001 0.44008206375000003 0.8356693525 0.43721155375000004 0.8389553325 0.42839228749999997 0.8448348425000001 0.43058294125 0.85 0.42857965375 0.85 0.41760732500000003 0.84737172125 0.41478884125 0.8373878849999999 0.4164255325 0.8335605375 0.41232120625 0.80190308875 0.40923036875 0.8002894949999999 0.4075 0.7991597187499999 0.4075 0.77181309 0.418106285 0.7618984987499999 0.41776006000000004 0.759984825 0.41570789499999994 0.7558112525 0.42151816 0.74391374375 0.42110269 0.74083549875 0.4239732 0.7404892737500001 0.43388779 0.74335978375 0.4369660375 0.7552572925 0.43738150750000004 0.75710172125 0.44141658749999996 0.77091290375 0.44388422 0.77474025125 0.44798854875000005 0.77870608875 0.44812703875 0.7825334349999999 0.45223136625000004
0 0.34988986250000004 0.40037587125 0.344564315 0.41842987 0.3476551525 0.45008731750000003 0.34574148 0.45213948125000003 0.3443125225 0.46807207375 0.34739076625000004 0.47094258250000004 0.35737460249999997 0.4725792775 0.3606605825 0.48139854249999997 0.36579099125 0.48618272500000004 0.3686113025 0.48625 0.38455875624999997 0.48625 0.3895860125 0.48535178375 0.39245652 0.48227354 0.39040435875 0.4803598675 0.39169482625 0.46046143875 0.3975 0.45423615125 0.3975 0.44579470125 0.39188996625 0.43762325500000004 0.381975375 0.43796948125 0.37691421124999996 0.43516821499999997 0.3765679875 0.42525362375 0.38429192375 0.41902788999999996 0.38572088375 0.40309529625 0.3826426375 0.40022478874999995 0.37676312875 0.40241543999999996 0.36288269999999995 0.40290015500000004 0.35768304624999997 0.396133055 0.35747531125000004 0.39018429875000005 0.35446630999999995 0.38929670875 0.3555616375 0.39223646125 0.34988986250000004 0.40037587125
0 0.1730674675 0.42261151124999996 0.18587942375 0.4045195525 0.1822295175 0.39624484375 0.15195931875 0.39562146374999996 0.13184754999999998 0.39716400125 0.12108437125 0.401740955 0.113971055 0.4145925975 0.12280272 0.42688742875 0.11563079125 0.43806070249999995 0.10915967374999999 0.445 0.15669561375000002 0.445 0.19125 0.44069475375000006 0.19125 0.43053995 0.1730674675 0.42261151124999996
0 0.2254766175 0.48125 0.23625 0.48125 0.23625 0.460101505 0.22234416499999998 0.45666313875 0.22485116375 0.4811169675 0.2254766175 0.48125
0 0.317958165 0.496148195 0.31012619999999996 0.492487095 0.31984451125 0.47497241625000003 0.29496613125 0.4682945275 0.2831038625 0.47922506499999995 0.27340320625000003 0.48495394750000004 0.26939050999999997 0.487759815 0.2844334725 0.51027703125 0.3053577325 0.52059842625 0.32112071375 0.5275 0.3253498875 0.5275 0.33875 0.5192415125000001 0.33875 0.51639498625 0.317958165 0.496148195
0 0.53958036375 0.5986548012499999 0.55040252625 0.6 0.5669950075 0.6 0.57875 0.59543411125 0.57875 0.59309029625 0.5659680500000001 0.5764936975 0.543370565 0.57446857625 0.53732473625 0.57751516625 0.52324835125 0.58939028 0.53958036375 0.5986548012499999
0 0.6202598537499999 0.5980611725 0.62375 0.58957424875 0.62375 0.58173330875 0.6161290975 0.56819783 0.612019655 0.5669954100000001 0.60295402875 0.58390341 0.6080389325 0.60625 0.61050058 0.60625 0.6202598537499999 0.5980611725
0 0.9975 0.58139816375 0.9975 0.5700576737499999 0.9890305574999999 0.5592567925 0.9407959025 0.5449691375 0.8949616862499999 0.53412623125 0.85841736125 0.5219272500000001 0.83068346875 0.54616524125 0.8164941175 0.5675153875 0.79906522625 0.58539153125 0.83798059625 0.6018743825 0.85931257125 0.59253668375 0.9227702425 0.60399506125 0.95275642625 0.6075 0.9684101850000001 0.6075 0.979895175 0.6043094687499999 0.9975 0.58139816375
0 0.98 0.54125 0.98 0.53549104125 0.976720075 0.52019559375 0.951090715 0.4951946875 0.937308845 0.48893148875000003 0.89882862625 0.48556490375000005 0.8734502949999999 0.46732923 0.8626903325 0.45543000999999994 0.85909133625 0.45972010124999996 0.87529099625 0.4944634525 0.90074251625 0.51186259 0.92965505125 0.518606705 0.959435565 0.534698755 0.9779007287500001 0.54125 0.98 0.54125