0 1 0.5966796875 0.994140625 0.5927734375 0.990234375 0.5810546875 0.9775390625 0.56640625 0.9716796875 0.56640625 0.9677734375 0.5625 0.9560546875 0.5625 0.953125 0.5654296875 0.953125 0.5771484375 0.9677734375 0.578125 0.96875 0.5908203125 0.9716796875 0.59375 0.9833984375 0.59375 0.984375 0.6064453125 0.9873046875 0.609375 1 0.6083984375 1 0.5966796875
0 0.6484375 0.4892578125 0.6474609375 0.4765625 0.6416015625 0.4765625 0.6337890625 0.484375 0.6220703125 0.484375 0.607421875 0.4970703125 0.6181640625 0.513671875 0.634765625 0.5185546875 0.640625 0.5146484375 0.642578125 0.5009765625 0.65234375 0.4951171875 0.6484375 0.4892578125
0 0.7021484375 0.466796875 0.6943359375 0.474609375 0.6884765625 0.474609375 0.6669921875 0.45703125 0.6591796875 0.45703125 0.658203125 0.4677734375 0.666015625 0.4716796875 0.66796875 0.4833984375 0.671875 0.4873046875 0.671875 0.4990234375 0.6865234375 0.5 0.689453125 0.5029296875 0.6875 0.5126953125 0.6904296875 0.515625 0.703125 0.5146484375 0.705078125 0.4853515625 0.708984375 0.4775390625 0.70703125 0.4697265625 0.7021484375 0.466796875
0 0.2705078125 0.4375 0.279296875 0.4384765625 0.279296875 0.4501953125 0.2841796875 0.453125 0.3095703125 0.447265625 0.3271484375 0.44140625 0.328125 0.4384765625 0.3251953125 0.435546875 0.3154296875 0.435546875 0.3115234375 0.423828125 0.2509765625 0.423828125 0.25 0.4287109375 0.2578125 0.4345703125 0.2529296875 0.439453125 0.2470703125 0.4375 0.240234375 0.4462890625 0.2421875 0.4541015625 0.25 0.4599609375 0.2626953125 0.45703125 0.26953125 0.4521484375 0.265625 0.4404296875 0.2705078125 0.4375
0 0.3173828125 0.373046875 0.310546875 0.3876953125 0.3037109375 0.388671875 0.296875 0.3759765625 0.2802734375 0.365234375 0.2705078125 0.365234375 0.265625 0.3701171875 0.26171875 0.3798828125 0.2685546875 0.388671875 0.2705078125 0.38671875 0.2822265625 0.39453125 0.2958984375 0.396484375 0.2998046875 0.40234375 0.3115234375 0.40625 0.31640625 0.4150390625 0.3291015625 0.423828125 0.36328125 0.4345703125 0.361328125 0.4072265625 0.3564453125 0.396484375 0.3369140625 0.396484375 0.3173828125 0.373046875
0 0.455078125 0.4697265625 0.45703125 0.4599609375 0.47265625 0.4501953125 0.47265625 0.4423828125 0.4609375 0.4287109375 0.46484375 0.3994140625 0.462890625 0.3935546875 0.4560546875 0.390625 0.4443359375 0.41796875 0.4150390625 0.4296875 0.4091796875 0.427734375 0.404296875 0.4345703125 0.4189453125 0.44140625 0.427734375 0.4521484375 0.4296875 0.4599609375 0.4384765625 0.46875 0.4521484375 0.470703125 0.453125 0.4814453125 0.4638671875 0.494140625 0.4716796875 0.5 0.48828125 0.5029296875 0.4921875 0.4951171875 0.48046875 0.4716796875 0.4736328125 0.46875 0.455078125 0.4697265625
0 0.9833984375 0.640625 0.9560546875 0.640625 0.953125 0.6376953125 0.953125 0.6279296875 0.9375 0.6220703125 0.9365234375 0.609375 0.9228515625 0.609375 0.890625 0.5771484375 0.88671875 0.5595703125 0.8818359375 0.5546875 0.8740234375 0.5546875 0.861328125 0.5458984375 0.857421875 0.5283203125 0.833984375 0.5185546875 0.8349609375 0.515625 0.84375 0.5146484375 0.84375 0.5029296875 0.8388671875 0.5 0.830078125 0.5009765625 0.8271484375 0.517578125 0.814453125 0.5185546875 0.8115234375 0.53125 0.7978515625 0.53125 0.7939453125 0.537109375 0.7802734375 0.525390625 0.7666015625 0.52734375 0.7578125 0.5185546875 0.763671875 0.5146484375 0.767578125 0.5029296875 0.7783203125 0.5 0.78125 0.4931640625 0.7763671875 0.484375 0.7685546875 0.484375 0.7626953125 0.48828125 0.7412109375 0.4921875 0.7314453125 0.5 0.7216796875 0.501953125 0.71875 0.5146484375 0.7099609375 0.517578125 0.7041015625 0.5234375 0.6904296875 0.5234375 0.671875 0.5322265625 0.6767578125 0.537109375 0.6845703125 0.537109375 0.6884765625 0.53125 0.7001953125 0.53125 0.703125 0.5400390625 0.716796875 0.5498046875 0.7216796875 0.560546875 0.7587890625 0.572265625 0.7783203125 0.572265625 0.7841796875 0.578125 0.7958984375 0.58203125 0.798828125 0.5908203125 0.8212890625 0.611328125 0.9189453125 0.611328125 0.921875 0.6181640625 0.9345703125 0.626953125 0.9404296875 0.63671875 0.9521484375 0.642578125 0.9619140625 0.65234375 0.98828125 0.6533203125 0.9990234375 0.65234375 1 0.6455078125 0.9892578125 0.64453125 0.9833984375 0.640625
0 0.94092287125 0.52462290375 0.91478405 0.5280734575 0.90013012125 0.5506602925 0.94092287125 0.5532640637499999 0.95914947 0.53937745375 0.94092287125 0.52462290375
0 0.96956458625 0.39096422124999997 0.96956458625 0.39964335875 0.9982063975 0.42828449625 0.9990743075 0.41700163375000004 0.9982063975 0.390096305 0.96956458625 0.39096422124999997
0 0.7690723887500001 0.38662466500000003 0.7673365674999999 0.37187011374999995 0.756921355 0.35885142000000003 0.7404306724999999 0.33802150249999996 0.7204681574999999 0.32847445000000003 0.70050573875 0.34149314500000005 0.66492054875 0.3406252275 0.6501656875 0.3406252275 0.6284674474999999 0.321531145 0.61631641375 0.30851242625 0.6024294637500001 0.32239905999999996 0.6223918825 0.35017228250000004 0.6293353575 0.3614551675 0.6466940449999999 0.37273803 0.66578845875 0.37100222250000003 0.70397747625 0.3614551675 0.7169965150000001 0.35537977875000004 0.74824205875 0.3779455275 0.7690723887500001 0.38662466500000003
0 0.8063934949999999 0.49077429250000004 0.7942423650000001 0.46734060374999997 0.7699402987499999 0.44217113124999996 0.7551854387500001 0.45085026874999995 0.74824205875 0.46039729875 0.76473274 0.47515182625 0.778619595 0.48817051999999994 0.80031793 0.49858551375 0.8063934949999999 0.49077429250000004