0 0.8363502724999999 0.26281222875 0.82988080125 0.26138568500000003 0.8259327949999999 0.26390715 0.82379298 0.27361135625 0.812881215 0.28002450625 0.8103034325 0.28556172375 0.81599702 0.33973261 0.8221911875000001 0.34856088 0.825365505 0.34975181624999996 0.82876149 0.34921394624999996 0.8295929150000001 0.34883618375 0.83145742625 0.34653370250000004 0.829705555 0.3298657375 0.84226284625 0.31906661125 0.84763739625 0.310075675 0.8705558487499999 0.30766684875 0.8905148675 0.29714302375 0.90301584 0.2958291175 0.90488035125 0.2935266375 0.9115688075 0.2970366775 0.93218477875 0.29276334 0.93385065125 0.2907061575 0.9334305325 0.288053635 0.932679065 0.28744510875 0.9315841437500001 0.27702763 0.9233064812499999 0.268418345 0.91036754 0.26556525875 0.90050066625 0.25185672875000004 0.88734274125 0.24692014625 0.8706747775 0.24867202 0.8646432749999999 0.25141246625 0.85137271 0.26544633125 0.84583549375 0.26286854625 0.8447405725 0.25245107 0.8387653899999999 0.24570629624999998 0.83914704 0.25935850875 0.8363502724999999 0.26281222875
0 0.3428074475 0.44606090000000004 0.35910123624999996 0.45674514125000004 0.36956174500000005 0.45619692875 0.37627661625000003 0.46423640499999996 0.38905248875 0.46441794000000003 0.39721033875000006 0.46312586375000003 0.4001713125 0.45983736625 0.397531 0.44948650375 0.40149591625 0.4450830175 0.402930165 0.4324207675 0.4049126225 0.43021902375000004 0.40341029125 0.40155284 0.40167478500000003 0.39059528625 0.39380316 0.37835507 0.3912724875 0.3700963075 0.37784274500000004 0.35401735500000003 0.37509278875 0.34157438874999996 0.369698075 0.33871034625 0.36088665124999997 0.35071029125000003 0.35548748750000003 0.36777602625 0.35294792375 0.399376825 0.35096546250000005 0.40157857125 0.35173295875 0.41622327625 0.34975050375 0.41842501875000004 0.3500794275 0.42470132125 0.34435133749999997 0.435490755 0.3428074475 0.44606090000000004
0 0.1162266625 0.49741024500000003 0.12095895875 0.50097628625 0.13080377625 0.502789355 0.14533720875 0.5004874862500001 0.14823693375 0.49185371375000003 0.14811182125 0.48366184250000005 0.14656578250000002 0.47390053875 0.1420636375 0.4705079275 0.1337653025 0.47167418375 0.12695842125 0.46839970625 0.11272789875000001 0.47251523749999996 0.10530425375000001 0.47990524375 0.10115508625 0.4804883725 0.089907475 0.4757224375 0.08544992625 0.4816378075 0.08097555625 0.4949600025 0.08185024625000001 0.50118375625 0.0874740525 0.50356672 0.1052706175 0.49471889625000004 0.11207749625 0.49799337375 0.1162266625 0.49741024500000003
0 0 0.5358824825 0.00550826625 0.55643961 0.00746440125 0.555915465 0.00983174125 0.560703325 0.0122031425 0.562072455 0.01584616375 0.5614954575 0.016444721250000002 0.56110025625 0.01481806875 0.55502949375 0.0200356375 0.5459923937500001 0.018856075 0.5385449274999999 0.011419466250000001 0.5342513987499999 0.0050581325 0.51860491625 0 0.5129008025 0 0.5358824825
0 0.35120015875 0.48614379999999996 0.32263898249999995 0.4740418925 0.2977491975 0.472222395 0.29292442625 0.47284603625000005 0.29664045125 0.49291633375000005 0.32533939625 0.499626915 0.34914037875 0.5097118549999999 0.37013599124999996 0.5155061125 0.38069038374999997 0.51383446125 0.38397433 0.51056544 0.38319802125 0.5056640175 0.36460285875 0.4923181325 0.35120015875 0.48614379999999996
0 0.34591640625 0.52597529 0.3357111525 0.52292922125 0.31166210499999997 0.52409333125 0.30452323 0.53155616625 0.31169413 0.53615262625 0.3389648775 0.531833365 0.346037935 0.5267425975 0.34591640625 0.52597529
0 0.20939957125 0.444801865 0.19253664125 0.43859183 0.19188286125 0.43869537875 0.1798836975 0.4545464075 0.21149761625 0.48003748875 0.23726816750000002 0.49057224125 0.2526551225 0.51031450625 0.26883703125 0.52617218625 0.2731932275 0.52706359375 0.27520911125 0.52674430875 0.27838926375 0.52312572 0.2712491925 0.4780450825 0.26647668375 0.46255220625 0.26309607875 0.45336122 0.2417920525 0.45264437874999996 0.22071745624999997 0.4527839575 0.20939957125 0.444801865
0 0.17481271125 0.436499325 0.17439281125 0.43384818 0.17190502124999998 0.42969891250000003 0.15801788375 0.42240524625 0.14966670499999998 0.4117924375 0.1213268575 0.40194615125 0.10280516249999999 0.387633285 0.07614954874999999 0.40120087374999996 0.05155914625 0.42247611874999996 0.04940374375 0.4349862625 0.074944825 0.44466460625000004 0.104768055 0.45319555125 0.13589019125000001 0.4494458475 0.15573911375 0.4570758 0.16878990500000002 0.45500875749999997 0.17481271125 0.436499325
0 0.04915835375 0.45019616 0.02868840625 0.44375166625 0.02280188875 0.44590931 0.020786513750000003 0.46627901125 0.03861316 0.46676765875000004 0.04761732125 0.46534153875 0.0499691925 0.45531559250000003 0.04915835375 0.45019616
0 0.85706213625 0.3288892775 0.84133290625 0.336826985 0.83000748 0.34782383250000004 0.83497241375 0.35265098500000003 0.86276273625 0.35142216625000006 0.8667066975000001 0.35079750375 0.88602281875 0.34639386875 0.8949672575 0.33286646750000004 0.8943872125 0.32920420875 0.8782298237499999 0.32314246500000005 0.8575305874999999 0.3297755275 0.85706213625 0.3288892775
0 0.92566602 0.30295496 0.91677350125 0.2965402575 0.8806337575000001 0.3008449575 0.8666490725 0.31693213 0.8818193025 0.31676436750000003 0.9206240674999999 0.31061829625000004 0.92616883 0.30612958 0.92566602 0.30295496
0 0.9730396337499999 0.29841865875 0.95651878875 0.28107119999999997 0.9466779200000001 0.28313626124999997 0.9373142087499999 0.30427349375 0.9539540762500001 0.309136085 0.9567936825 0.30868633625 0.9731326575 0.29900599 0.9730396337499999 0.29841865875
0 0.8951669925 0.361935145 0.8888675325 0.376107725 0.8892841462500001 0.38677586625000004 0.94582184375 0.3816204375 0.96220255875 0.38407552 0.98593972125 0.39392633625 0.98687745875 0.39377781375 0.98137370375 0.35902847625 0.9730414675 0.35594644375 0.94248785125 0.34719213250000003 0.8951669925 0.361935145