0 0.29594637375 0.4288057 0.29080496875 0.4240112625 0.28664084125 0.42415667749999997 0.28621782125 0.44189057750000005 0.2933395125 0.44661105749999996 0.2941856425 0.4466554025 0.29502734625 0.44634179125 0.29594637375 0.4288057
0 0.128515095 0.47087658875000005 0.1146362175 0.46897194374999995 0.11115551625 0.47394960124999996 0.10805997625 0.488352085 0.1113609725 0.49214944625 0.1253053 0.4928802375 0.12746009875 0.49100709875 0.128515095 0.47087658875000005
0 0.98225013125 0.62113710125 0.9844919400000001 0.61793115375 0.9846225875000001 0.61543824 0.976741985 0.6103098312499999 0.97123384125 0.59948256125 0.9544624475000001 0.60039821125 0.9525295149999999 0.5981746275 0.94421648125 0.59759332375 0.9424288749999999 0.59329148 0.9368699137500001 0.59812381125 0.93657926 0.6022803287499999 0.9414115925000001 0.60783928875 0.94556811 0.6081299412500001 0.9674537375 0.62213201625 0.9683849062500001 0.62218081625 0.97906008125 0.6219582425 0.98225013125 0.62113710125
0 0.10357701000000001 0.41288343375 0.1474738075 0.41518396750000003 0.14906175 0.41320118499999997 0.149607125 0.40279481124999994 0.1491005425 0.4006741375 0.14079891875 0.39994783875 0.13854194125 0.40184166875000005 0.11589405250000001 0.397768945 0.10930468624999999 0.4013750325 0.082324415 0.39901456500000004 0.08006743374999999 0.4009083975 0.06969040625 0.40000052375 0.067796575 0.39774354375000004 0.06026029375 0.4002211425 0.0667071275 0.41019597750000003 0.0689641075 0.40830214625000005 0.1021705975 0.4112073375 0.10357701000000001 0.41288343375
0 0.8245358349999999 0.517367225 0.82509494875 0.506698705 0.8141631312500001 0.49497576875 0.80605299625 0.4884387475 0.8018888675 0.48829333124999996 0.7958607974999999 0.4818290175 0.7809955187500001 0.48964832375 0.77769065375 0.4947444225 0.7773271175 0.5051547437499999 0.7803411525 0.50838690125 0.78866941 0.50867773125 0.7947701887499999 0.51305998 0.8030984462499999 0.51335081 0.8087833975 0.5174343675 0.812830145 0.51764644875 0.8245358349999999 0.517367225
0 0.994964615 0.57933725625 0.9862065699999999 0.57145147625 0.975695145 0.56991616375 0.9692356424999999 0.5660823075 0.95467229625 0.56684554 0.9475541725 0.57034787375 0.9500707825000001 0.57856075375 0.9577340725000001 0.58546081 0.9682454975 0.58699612375 0.9935078212499999 0.59721142875 0.99433754375 0.5972549125 0.9952730575 0.579404255 0.994964615 0.57933725625
0 0.65258909 0.4453489 0.6578306025 0.444489635 0.6607689175 0.44174961375000005 0.661548125 0.4268814475 0.6524568975 0.41928674375 0.6503021262500001 0.42129610125 0.64204657625 0.41892320625 0.63149084125 0.4227238 0.62316258375 0.42243296999999996 0.61081561375 0.4178325975 0.59415909875 0.41725093874999997 0.5909269425 0.420264975 0.59279088375 0.42658387500000006 0.599823635 0.43412557375 0.63313666125 0.43528889125 0.64206125375 0.44485934374999997 0.65210442625 0.44538568375 0.65258909 0.4453489
0 0.29428079125 0.5167564525 0.31889710625 0.51423535 0.31901398125 0.5141009012500001 0.3197703275 0.499668935 0.312320865 0.49485521 0.31188488625 0.48862043499999996 0.30966130125 0.48668750125000004 0.30922532375 0.4804527275 0.31115825625 0.4782291425 0.30975581125 0.47310616000000005 0.2998004975 0.48006756500000003 0.2935657225 0.4805035425 0.28496203625 0.47692833 0.27983905375 0.47833077500000004 0.27626384000000004 0.48693446125 0.2777171 0.50771704375 0.27513676875000004 0.5157531575000001 0.29428079125 0.5167564525
0 0.21177353125 0.57302516375 0.22590074500000001 0.56394001875 0.23704187625 0.549636015 0.23787661499999999 0.53370824875 0.23784287124999998 0.5330643687500001 0.23236909125 0.52813575625 0.19492048374999998 0.53009835375 0.19065049625 0.5282359437499999 0.18375043625 0.5358992337499999 0.180025615 0.544439215 0.1803527125 0.55068064875 0.18911076125 0.55856642625 0.15877585375 0.5768457525 0.16752843250000002 0.586468285 0.17568413249999998 0.58689570625 0.18220628000000003 0.5860487775 0.19523873625 0.5759779075 0.21177353125 0.57302516375
0 0.8728936737499999 0.49682197875 0.8626477075 0.49962686875 0.8602685 0.50430363875 0.8602152325 0.5053200625000001 0.8621172187499999 0.506973435 0.8603296125 0.51127527875 0.86922395 0.5190070087499999 0.8698052549999999 0.5273200425 0.8764760075 0.53311884 0.878990245 0.5392082887499999 0.88899637375 0.547906485 0.8953764750000001 0.5495487649999999 0.9009354362499999 0.55438109625 0.901371415 0.56061587125 0.90297386375 0.5611738587499999 0.9115727200000001 0.5616245062499999 0.9128744987499999 0.5608557075 0.91910927375 0.56041972875 0.9210676425 0.56212211375 0.9222553075000001 0.56218435625 0.9306123587499999 0.560659565 0.9325452912500001 0.5584359825 0.93181866125 0.54804468875 0.94022620625 0.5338820425 0.9467516324999999 0.5376025825 0.9592211825 0.53673062625 0.9630870475000001 0.5322834562500001 0.9714000825 0.5317021525 0.9754886325 0.52699881375 0.97564577875 0.52400027875 0.9734275250000001 0.515897225 0.96786856375 0.5110648950000001 0.95718661875 0.5076350075 0.9343257762499999 0.5092335925 0.9309904 0.50633419375 0.9306997475 0.50217767625 0.9230625275 0.4974906725 0.9147494949999999 0.49807197625 0.90377689875 0.4904855725 0.8973967962499999 0.48884329125000003 0.89324028125 0.489133945 0.88565387625 0.50010654 0.8794191012500001 0.50054251875 0.8728936737499999 0.49682197875
0 0.2398760975 0.41527317500000005 0.24630948249999998 0.42411887125 0.24791800875 0.42420317124999996 0.25387194375 0.4195724325 0.2545513425 0.40660872 0.247811475 0.39852106499999995 0.22929561375 0.3958760125 0.2213602375 0.40116614375 0.2289208275 0.41338474124999997 0.2398760975 0.41527317500000005