0 0.8386336799999999 0.6541973362500001 0.8401550125 0.65637002625 0.8407171975 0.65643905375 0.8527306912500001 0.6546575662499999 0.8543486962500001 0.6569683175000001 0.8610651862500001 0.6589374725 0.86380590875 0.65927399125 0.8658923212499999 0.65865338875 0.86819943125 0.63986348875 0.86601630625 0.63674566 0.85711967875 0.6412533 0.8492621687499999 0.63986780875 0.84683516125 0.6364016837500001 0.8512241500000001 0.62299741625 0.846021365 0.6008127812499999 0.8386462275 0.59951234375 0.8381069062500001 0.5994461225 0.82418310125 0.60405118625 0.8231439825 0.60994431875 0.8162117325 0.6147983312499999 0.8157515 0.62889534375 0.8099746262499999 0.63294035625 0.79945999375 0.63513724625 0.7956474975000001 0.63952862875 0.7977281325 0.64495913125 0.8173719025 0.64842286 0.82291866125 0.6514263525 0.82638478625 0.6489993475 0.8283491650000001 0.64934572125 0.83077617 0.652811845 0.8386336799999999 0.6541973362500001
0 0.3714689 0.46598822749999996 0.36979919625 0.48986609000000003 0.37023146875 0.49036336375 0.37780109875 0.49129279750000004 0.38905036000000004 0.486213385 0.39414301 0.48004377624999994 0.39492734375 0.47365589125 0.39506847749999996 0.47163757375000004 0.3870187025 0.45807759375 0.37494062874999995 0.45923256375 0.3714689 0.46598822749999996
0 0.79213786375 0.5288261525 0.794090325 0.5310722025 0.7982846425 0.5315872 0.79965550625 0.531411345 0.80173191 0.51450039625 0.79815598375 0.51425034125 0.79213786375 0.5288261525
0 0.7656478387500001 0.51837900625 0.7509558762499999 0.531647515 0.750226605 0.5375869525 0.75191412375 0.5397468762500001 0.7644397387499999 0.5412848287500001 0.76711195125 0.519521405 0.7656478387500001 0.51837900625
0 0.8018760337499999 0.57994182625 0.80375580375 0.5864126275 0.8161612175 0.58793582 0.81819306875 0.585572745 0.81904105125 0.57866648375 0.8186868975 0.5739672975 0.8171932649999999 0.5697645825 0.8108716475 0.5639642349999999 0.802605305 0.5740023875 0.8018760337499999 0.57994182625
0 0.23981206624999998 0.43656825625 0.24582674000000002 0.43664272875000004 0.2462633375 0.4330869275 0.2422649225 0.427349995 0.23618468750000002 0.4290287625 0.23031324 0.42672363500000005 0.22308044 0.43133812624999995 0.22355276375 0.434571865 0.23981206624999998 0.43656825625
0 0.3519540225 0.5247945525 0.340900125 0.507773435 0.34117928249999996 0.49833943249999996 0.32884499 0.491402555 0.29623184125 0.47624619625000003 0.28636111 0.47201597749999996 0.26809115 0.47676286124999995 0.26645969125 0.48849849874999995 0.28374843875 0.49648852625000006 0.284243205 0.510402175 0.2864412575 0.520362725 0.28658482750000003 0.52039324125 0.32023767625 0.52452529125 0.3519540225 0.5247945525
0 0.13549006625 0.48122474625 0.10109619500000001 0.486569615 0.073867915 0.49109103875000004 0.08964638624999999 0.5115553525 0.12159622499999999 0.52648143 0.13293210875 0.5330117412500001 0.14230553 0.5341626525000001 0.16288012 0.5275462175 0.16437814125 0.5153458175 0.16313792124999998 0.4924681925 0.1391727675 0.47692289250000003 0.13549006625 0.48122474625
0 0.12641296875 0.446993235 0.13743783375 0.45296418875 0.15771451875 0.45545385250000003 0.15802291375 0.45427923875 0.15879934 0.44795575499999996 0.14739763 0.433222995 0.14586209249999998 0.43212509375 0.13616397 0.42833675374999997 0.12751862625 0.42921977499999997 0.12641296875 0.446993235
0 0.240351455 0.50174911625 0.24933209375 0.4286076825 0.24904685625 0.42665487375 0.22931143250000002 0.41890690625 0.229101025 0.41888107124999996 0.21270812374999998 0.426441105 0.20498829624999998 0.4285725 0.19465532625 0.42994434750000005 0.1789462825 0.4415782975 0.19341397125 0.4558617875 0.20632450125 0.45146645125 0.22092473375000002 0.46322086874999996 0.235212115 0.46481499249999997 0.22279115125 0.47599864375 0.2205749175 0.486026435 0.21702963625 0.505283255 0.2326294725 0.5087308075 0.23725651875 0.5092989375 0.240351455 0.50174911625
0 0.26421022 0.46106843124999997 0.26406935875 0.46221564875 0.28387212 0.46464712249999995 0.287949345 0.46282954875000004 0.2897269725 0.44835193375000004 0.289577855 0.44593077375 0.2813722575 0.43987147875 0.27446178125 0.43689397 0.27335551375 0.43675813750000003 0.26421022 0.46106843124999997
0 0.6956529874999999 0.6163155925 0.7032561312500001 0.6206701487499999 0.70388289 0.620747105 0.7173245125 0.6173009675 0.7186099187499999 0.6068321675 0.70124267875 0.6068715325 0.6956529874999999 0.6163155925
0 0.6402066775 0.5991914912499999 0.64144243125 0.589127085 0.6354124999999999 0.57896758875 0.60173538875 0.5763573375 0.56641634625 0.57281568125 0.5512417700000001 0.572020415 0.53296381125 0.58205180375 0.5283951287499999 0.58857498 0.51269038375 0.59789591625 0.5210271275 0.6004361699999999 0.5624282875 0.6109349875 0.58235230625 0.61338134875 0.5946890125000001 0.6140278875 0.60240884125 0.61189649375 0.630714945 0.60408132125 0.6402066775 0.5991914912499999
0 0.368308835 0.5606529825 0.38674546 0.562916715 0.38959133749999997 0.56212450125 0.39190739625 0.559792705 0.39235703375 0.5561307025 0.3734759575 0.54291924375 0.35643564625 0.54397063 0.3482853625 0.5430727175 0.3544175 0.55735239125 0.368308835 0.5606529825
0 0.41952527375000004 0.52034424125 0.43263905375 0.52195441 0.4402388525 0.52071803 0.44692048624999997 0.5117656075 0.447303165 0.50864894 0.41697698375000003 0.49031949875 0.39717803625000003 0.48301139875 0.37494695749999996 0.4983815075 0.38054749250000003 0.50300428625 0.41952527375000004 0.52034424125
0 0.8065791950000001 0.55676702625 0.8140431425 0.56449601 0.8481531225000001 0.57423251 0.85543227125 0.5751262775 0.8653688049999999 0.57467920375 0.87930958 0.55963547625 0.879461395 0.55839903875 0.8650404125 0.54512296 0.82368144625 0.54440103625 0.79990044875 0.55242896125 0.8065791950000001 0.55676702625
0 0.9508671212500001 0.55123170125 0.95133938875 0.547385395 0.9341295612499999 0.52986648875 0.9186899 0.53412932375 0.91261200625 0.53719212375 0.873876645 0.534316735 0.85532993125 0.53334474375 0.8423716374999999 0.52252166375 0.8203202425 0.52390199625 0.81761439375 0.5271415162499999 0.82968558875 0.5387634375 0.8472566575 0.5422202724999999 0.8528214975 0.54458042 0.9027036312500001 0.55070517625 0.9454937750000001 0.55497662875 0.9508671212500001 0.55123170125
0 0.92888503 0.59829301625 0.9409128975000001 0.5925058 0.96232748625 0.59760693 0.9862055949999999 0.608814645 0.98895827875 0.6091526312500001 0.99516188125 0.56998462125 0.9982492700000001 0.5448398575 0.99715507 0.54500387875 0.98025642375 0.549164945 0.95725723875 0.55406915125 0.94549347875 0.5581888525 0.92969281875 0.560814405 0.8994201037499999 0.5527844025 0.8986197162499999 0.56273048125 0.87175701625 0.5704415512500001 0.8766692225 0.5772024225 0.89171897125 0.5847142475 0.90553877375 0.5945953325 0.92888503 0.59829301625