0 0.6232541887499999 0.331227465 0.6192859374999999 0.32130683 0.6192859374999999 0.30741794125 0.6163097475 0.30245762375 0.61234149375 0.30245762375 0.60936530125 0.30741794125 0.61134943 0.337179845 0.60738117625 0.34313222625 0.60738117625 0.36694175 0.6092286 0.37063659875 0.64407506 0.37124484625 0.6535757475 0.36807795 0.65378596625 0.3560345325 0.6232541887499999 0.331227465
0 0.46075278124999997 0.3413009625 0.44562004250000004 0.34244143875 0.44441102125 0.35228812499999995 0.44676325875000006 0.3552988525 0.47000660625 0.35570456624999996 0.47308731875 0.35480961875 0.4789953325 0.35553503249999996 0.48256731125 0.35274429625000003 0.48263614375 0.34880089249999996 0.4819318875 0.34789948625 0.47381273125 0.34890160625 0.46075278124999997 0.3413009625
0 0.40924583 0.35714436374999997 0.41397008125 0.35722682624999996 0.41822996500000004 0.35628750375 0.41884847125 0.35040280625000003 0.41907502999999996 0.33742329249999997 0.4073740675 0.33619347125 0.39600265625 0.3399859275 0.39340720625000003 0.34569830375000005 0.39740705875000004 0.35509645749999996 0.40924583 0.35714436374999997
0 0.59731096625 0.4033195025 0.5931304875 0.40480523375 0.5675290975 0.40166177875000003 0.564212385 0.4042530775 0.5537799 0.47293809000000003 0.56449035375 0.4752526825 0.5662178875 0.4774638225 0.5780339125 0.47891465125000005 0.5789798225 0.48012536125 0.58716583125 0.48026824875 0.59095551 0.4795017075 0.59901895 0.41383025375000004 0.5991610825 0.4056875425 0.59731096625 0.4033195025
0 0.68862983625 0.5085313674999999 0.68172832875 0.50429587375 0.6769877025 0.50761082875 0.6754236275 0.5136871150000001 0.6780425250000001 0.51685983875 0.68739553875 0.51702309625 0.6885038675 0.51574811 0.68862983625 0.5085313674999999
0 0.59242668125 0.59735768625 0.60133242625 0.6042843775 0.6144434225 0.60451323125 0.6145418625 0.5988736275000001 0.61226795125 0.59735768625 0.60631557 0.58743705125 0.59937112625 0.582476735 0.59341874375 0.582476735 0.59242668125 0.59735768625
0 0.6736959337499999 0.59682493625 0.6800591862500001 0.6044083675 0.69789927375 0.6047197675 0.71081425375 0.59843082125 0.7108285474999999 0.5976118825 0.69755059875 0.5859658600000001 0.6935974462500001 0.58562000375 0.6892984362500001 0.58922730125 0.6743876475 0.5889186275 0.6736959337499999 0.59682493625
0 0.42173319125 0.56989470125 0.44363638125 0.5702770225 0.44837638124999996 0.56973784375 0.4513348925 0.5663344674999999 0.45147020875000005 0.55858215625 0.44068762125 0.55933615 0.438846735 0.561453845 0.426832565 0.56030498875 0.41841016375 0.5678553399999999 0.42173319125 0.56989470125
0 0.56589675625 0.7764527124999999 0.5763332612500001 0.7766138650000001 0.58821189375 0.7778318249999999 0.6302720175000001 0.7785659875000001 0.66922741 0.7710996125 0.7313130712500001 0.77533872 0.7397352475 0.7687587375 0.7404473525 0.76295911125 0.7405263075 0.7584357625 0.7285488125 0.74961900625 0.7101978475 0.740597685 0.667369395 0.73110896875 0.6527912525 0.7327030512499999 0.6406258762500001 0.74220748 0.6169966925 0.7486123050000001 0.5879573375 0.75773684875 0.5386954575 0.7593023474999999 0.50411413875 0.7584403500000001 0.48174131125 0.75818263 0.48172560750000004 0.7590822749999999 0.4846522625 0.76535685375 0.49408197625 0.7676349650000001 0.56589675625 0.7764527124999999
0 0.7276666500000001 0.54523022 0.7398944212499999 0.54544365625 0.74352969875 0.5447365225 0.7442839625000001 0.5431598175 0.74454195375 0.52837950375 0.744046865 0.52625117 0.73893605625 0.522141225 0.7282969325 0.521044885 0.72155367375 0.53672176375 0.7276666500000001 0.54523022
0 0 0.53491537375 0.017905665 0.536709085 0.039661866250000004 0.54128803875 0.058855288750000005 0.5483416962500001 0.06981398999999999 0.5460134987499999 0.0808312675 0.5403269825 0.06809083375 0.5485029025 0.06793434375 0.5574681675000001 0.101426135 0.55805276875 0.10152058875 0.5526415275000001 0.10012731999999999 0.5415036087499999 0.07847370125 0.5310476675 0.04921977 0.522978545 0.0333554275 0.51766262125 0.01576792375 0.51483614875 0 0.51557735 0 0.53491537375
0 0.22751718 0.53316127625 0.23582170875 0.5222351 0.23583831 0.5212839875 0.22522834 0.50553293125 0.21251434875 0.51965295 0.2118788825 0.5330748525 0.21171479875 0.54247519875 0.21403729500000002 0.5425157375 0.22751718 0.53316127625
0 0.22688482624999998 0.54692574375 0.22273307125 0.5564196175 0.23488397249999998 0.5566317125 0.24402585125 0.5535835800000001 0.24421198624999998 0.5429198925000001 0.24296899 0.5396480025 0.22688482624999998 0.54692574375
0 0.5887129375 0.62092256 0.5840382625 0.62629994375 0.61064478 0.63070092375 0.6291527475 0.63102398125 0.64900796625 0.6284908825 0.65923714 0.6167238525 0.6592956062499999 0.61337431875 0.63384794375 0.60429833625 0.62547119625 0.6048840950000001 0.6174458025 0.610495785 0.5887129375 0.62092256
0 0.75785066875 0.48215736124999997 0.75197523 0.47307454374999997 0.732651785 0.45453524125 0.7279757325 0.4651117875 0.751075785 0.4916973375 0.7558438875 0.49802345000000003 0.75754875625 0.49945395 0.75785066875 0.48215736124999997
0 0.46910372 0.40783928750000004 0.45787369 0.42137050625 0.445921185 0.43868951625 0.42983571 0.44713081125000004 0.42179036375 0.43530893374999996 0.41506422125 0.4270030175 0.40416247499999997 0.4182582275 0.39638306 0.41997355124999997 0.38913540124999996 0.44876336250000004 0.39221518875 0.46766230875 0.419598645 0.4722290925 0.437487335 0.47073193875 0.45915529624999996 0.46541036249999995 0.46853751375 0.44027722375000006 0.46910372 0.40783928750000004