0 0.8623046875 0.3828125 0.8837890625 0.3828125 0.9033203125 0.375 0.9150390625 0.375 0.9169921875 0.373046875 0.9228515625 0.376953125 0.9423828125 0.375 0.9453125 0.3720703125 0.943359375 0.3701171875 0.943359375 0.3603515625 0.9365234375 0.3515625 0.9248046875 0.34765625 0.9169921875 0.333984375 0.9052734375 0.328125 0.8896484375 0.328125 0.8837890625 0.330078125 0.8701171875 0.341796875 0.865234375 0.3388671875 0.865234375 0.3291015625 0.8603515625 0.322265625 0.859375 0.3349609375 0.8564453125 0.337890625 0.8505859375 0.3359375 0.8466796875 0.337890625 0.84375 0.3466796875 0.8330078125 0.3515625 0.830078125 0.3564453125 0.830078125 0.4072265625 0.8349609375 0.416015625 0.8388671875 0.41796875 0.841796875 0.4169921875 0.84375 0.4150390625 0.84375 0.3994140625 0.8564453125 0.390625 0.8623046875 0.3828125
0 0.435546875 0.4384765625 0.4375 0.4267578125 0.439453125 0.4248046875 0.439453125 0.3896484375 0.431640625 0.3759765625 0.4296875 0.3681640625 0.41796875 0.3525390625 0.416015625 0.3408203125 0.4111328125 0.337890625 0.40234375 0.3486328125 0.396484375 0.3642578125 0.392578125 0.3935546875 0.390625 0.3955078125 0.390625 0.4091796875 0.388671875 0.4111328125 0.388671875 0.4169921875 0.3828125 0.4267578125 0.380859375 0.4365234375 0.3955078125 0.447265625 0.4052734375 0.447265625 0.4111328125 0.455078125 0.42578125 0.4560546875 0.4306640625 0.455078125 0.43359375 0.4521484375 0.431640625 0.4423828125 0.435546875 0.4384765625
0 0.1806640625 0.42578125 0.1748046875 0.421875 0.1611328125 0.423828125 0.1533203125 0.4296875 0.1494140625 0.4296875 0.1396484375 0.423828125 0.134765625 0.4287109375 0.12890625 0.4404296875 0.12890625 0.4462890625 0.1337890625 0.44921875 0.1513671875 0.443359375 0.1572265625 0.447265625 0.1611328125 0.447265625 0.1650390625 0.451171875 0.1767578125 0.455078125 0.1875 0.4541015625 0.19140625 0.4462890625 0.193359375 0.4306640625 0.1884765625 0.42578125 0.1806640625 0.42578125
0 0.05859375 0.4658203125 0.056640625 0.4501953125 0.052734375 0.4423828125 0.0458984375 0.435546875 0.0322265625 0.4375 0.03125 0.4462890625 0.0283203125 0.44921875 0.0234375 0.4501953125 0.025390625 0.4658203125 0.03515625 0.4775390625 0.0361328125 0.484375 0.0498046875 0.484375 0.05078125 0.4892578125 0.0537109375 0.4921875 0.056640625 0.4912109375 0.056640625 0.4853515625 0.064453125 0.4775390625 0.064453125 0.4716796875 0.05859375 0.4658203125
0 0.35370443375 0.48046800625 0.37436942500000003 0.49286678500000003 0.39916750375 0.5036123462500001 0.40908666375 0.4961730875 0.39090150749999997 0.4788148325 0.37932900375 0.47137557375 0.354531015 0.45649705625000003 0.33178838125 0.45158781625000005 0.327253145 0.45153755875 0.3280797275 0.4705489875 0.35370443375 0.48046800625
0 0.35701076 0.51270477875 0.36858326374999995 0.50609212875 0.3586640125 0.5019592174999999 0.33625266625 0.50069495875 0.32890635375000005 0.50691869375 0.33717235 0.5135313875 0.35701076 0.51270477875
0 0.30493490125 0.43252610750000003 0.2859230725 0.4267400225 0.2669112 0.421780525 0.25864520375 0.41186150499999996 0.244592955 0.40194248625 0.229714125 0.41351467875 0.25203237 0.4440983 0.27269740625 0.45980340374999995 0.28179003 0.48129459249999995 0.29253586125000003 0.499479435 0.29749548625 0.5019592174999999 0.302455065 0.49865287 0.30493490125 0.48129459249999995 0.30658811 0.463936315 0.3057614825 0.44161854 0.30493490125 0.43252610750000003
0 0.20491609125 0.3779715375 0.18177122 0.36226645625000004 0.16854559875 0.34490817749999997 0.14126777375 0.35069426375 0.113989905 0.36391960625 0.10903027874999999 0.3746652125 0.12969531625 0.38954373 0.154493395 0.4044222475 0.1834244275 0.40855515875000004 0.20160967500000002 0.421780525 0.21152887875 0.421780525 0.22227471000000001 0.40524883375000004 0.22062150249999998 0.39946274875 0.20987571625 0.38954373 0.20491609125 0.3779715375
0 0.08919187 0.38541079625 0.08340561875000001 0.3862373825 0.07761941124999999 0.4044222475 0.101590865 0.41020833125 0.10820369749999999 0.39615640125 0.08919187 0.38541079625
0 0.8719836375 0.421780525 0.89264872 0.41930076374999997 0.9042211324999999 0.40524883375000004 0.8876890500000001 0.39698298875 0.86785064 0.40111589999999997 0.8675026662499999 0.40024853 0.85214522875 0.40607542 0.84057281625 0.4151678525 0.84470581375 0.42012735 0.8719836375 0.421780525
0 0.9265393774999999 0.3779715375 0.89264872 0.37962471125 0.8785964725 0.39367664124999996 0.9067008775 0.395329815 0.9281925412500001 0.39202349 0.9364585375 0.3862373825 0.9265393774999999 0.3779715375
0 0.9645630337500001 0.37053227875 0.95530028625 0.37197472125 0.945551205 0.3911969025 0.9620831975 0.39698298875 0.9794418625 0.38789055625 0.9645630337500001 0.37053227875
0 0.9968005275 0.47716165875 0.99597394625 0.45401729625000004 0.9703492850000001 0.4407919525 0.94307137 0.42921978250000004 0.8976083 0.4374856275 0.8901688849999999 0.449884385 0.88934230375 0.45980340374999995 0.9422447887500001 0.461456555 0.95712361875 0.46558948875 0.9819216975 0.47964141875000005 0.9968005275 0.47716165875