0 0.19921875 0.4658203125 0.2021484375 0.470703125 0.2041015625 0.46875 0.2099609375 0.46875 0.2119140625 0.470703125 0.216796875 0.4697265625 0.22265625 0.4619140625 0.2177734375 0.453125 0.2099609375 0.453125 0.19921875 0.4658203125
0 0.1279296875 0.541015625 0.1181640625 0.546875 0.1064453125 0.546875 0.09765625 0.5537109375 0.1005859375 0.55859375 0.1103515625 0.5625 0.125 0.5615234375 0.134765625 0.5576171875 0.1328125 0.5537109375 0.134765625 0.5478515625 0.1279296875 0.541015625
0 0.1103515625 0.4609375 0.1064453125 0.4609375 0.1005859375 0.46484375 0.0908203125 0.46484375 0.0791015625 0.46875 0.0712890625 0.478515625 0.064453125 0.4794921875 0.0654296875 0.484375 0.091796875 0.4833984375 0.1025390625 0.48046875 0.109375 0.4736328125 0.11328125 0.4677734375 0.1103515625 0.4609375
0 0.3447265625 0.59765625 0.3251953125 0.59765625 0.3212890625 0.599609375 0.3134765625 0.595703125 0.3125 0.6064453125 0.3193359375 0.611328125 0.3310546875 0.625 0.341796875 0.6259765625 0.3515625 0.6201171875 0.353515625 0.6142578125 0.3515625 0.6044921875 0.3447265625 0.59765625
0 0.0302734375 0.515625 0.041015625 0.5048828125 0.041015625 0.5009765625 0.044921875 0.4990234375 0.046875 0.4892578125 0.0380859375 0.490234375 0.03125 0.4833984375 0.03125 0.4755859375 0.017578125 0.4638671875 0.0146484375 0.45703125 0.0107421875 0.455078125 0.0009765625 0.455078125 0 0.5380859375 0.013671875 0.5380859375 0.017578125 0.5322265625 0.017578125 0.5185546875 0.0205078125 0.515625 0.0302734375 0.515625
0 0.1650390625 0.609375 0.1708984375 0.607421875 0.173828125 0.6025390625 0.173828125 0.5966796875 0.1240234375 0.59375 0.1162109375 0.59765625 0.1005859375 0.599609375 0.0986328125 0.59765625 0.0712890625 0.595703125 0.0673828125 0.59375 0.0595703125 0.583984375 0.0556640625 0.583984375 0.0439453125 0.59375 0.0322265625 0.59375 0.017578125 0.5986328125 0.0185546875 0.60546875 0.0263671875 0.609375 0.0322265625 0.615234375 0.0439453125 0.6171875 0.0458984375 0.619140625 0.0615234375 0.619140625 0.0634765625 0.62109375 0.0693359375 0.619140625 0.0712890625 0.62109375 0.0947265625 0.62109375 0.0966796875 0.623046875 0.123046875 0.6220703125 0.1279296875 0.615234375 0.1376953125 0.61328125 0.1435546875 0.609375 0.1650390625 0.609375
0 0.0634765625 0.69921875 0.0712890625 0.6953125 0.0927734375 0.693359375 0.1103515625 0.685546875 0.1552734375 0.681640625 0.1787109375 0.669921875 0.181640625 0.6669921875 0.18359375 0.6572265625 0.1787109375 0.654296875 0.1611328125 0.654296875 0.1552734375 0.6484375 0.1494140625 0.646484375 0.1455078125 0.640625 0.1416015625 0.638671875 0.1318359375 0.638671875 0.125 0.6416015625 0.125 0.6494140625 0.123046875 0.6513671875 0.125 0.6669921875 0.1181640625 0.671875 0.1103515625 0.671875 0.1064453125 0.669921875 0.091796875 0.6513671875 0.0888671875 0.650390625 0.0859375 0.6533203125 0.08203125 0.6689453125 0.0751953125 0.677734375 0.0595703125 0.6796875 0.0517578125 0.671875 0.0419921875 0.677734375 0.0341796875 0.677734375 0.0263671875 0.681640625 0.0185546875 0.677734375 0.013671875 0.6884765625 0.0087890625 0.693359375 0 0.6962890625 0.0009765625 0.7109375 0.025390625 0.7099609375 0.0322265625 0.70703125 0.0380859375 0.70703125 0.0556640625 0.69921875 0.0634765625 0.69921875
0 0.828125 0.5146484375 0.826171875 0.5087890625 0.814453125 0.4990234375 0.8125 0.4912109375 0.8037109375 0.484375 0.796875 0.4755859375 0.79296875 0.4619140625 0.798828125 0.4521484375 0.798828125 0.4482421875 0.796875 0.4443359375 0.787109375 0.4365234375 0.787109375 0.4326171875 0.7919921875 0.4296875 0.794921875 0.4248046875 0.7919921875 0.421875 0.7841796875 0.419921875 0.7802734375 0.416015625 0.7587890625 0.4140625 0.7529296875 0.41015625 0.75 0.4130859375 0.75 0.4189453125 0.7421875 0.4248046875 0.734375 0.4384765625 0.734375 0.4462890625 0.732421875 0.4482421875 0.734375 0.4814453125 0.7373046875 0.484375 0.7431640625 0.484375 0.748046875 0.4873046875 0.748046875 0.4970703125 0.7529296875 0.505859375 0.7646484375 0.5078125 0.7666015625 0.509765625 0.7822265625 0.509765625 0.7978515625 0.515625 0.8017578125 0.513671875 0.8095703125 0.515625 0.8125 0.5185546875 0.814453125 0.5361328125 0.818359375 0.5361328125 0.8271484375 0.533203125 0.833984375 0.5263671875 0.833984375 0.5205078125 0.828125 0.5146484375
0 0.5146484375 0.583984375 0.5166015625 0.58203125 0.5400390625 0.58203125 0.5517578125 0.57421875 0.5654296875 0.568359375 0.5751953125 0.5703125 0.5810546875 0.57421875 0.6064453125 0.56640625 0.611328125 0.5615234375 0.611328125 0.5576171875 0.6162109375 0.55078125 0.6630859375 0.544921875 0.6865234375 0.533203125 0.6875 0.5166015625 0.6728515625 0.51171875 0.6552734375 0.51171875 0.6533203125 0.513671875 0.6416015625 0.51171875 0.6240234375 0.51953125 0.6123046875 0.521484375 0.609375 0.5244140625 0.607421875 0.5361328125 0.6005859375 0.541015625 0.5927734375 0.5390625 0.5849609375 0.533203125 0.5751953125 0.541015625 0.5615234375 0.54296875 0.5595703125 0.544921875 0.5478515625 0.54296875 0.5419921875 0.5390625 0.5166015625 0.5390625 0.5126953125 0.53515625 0.4931640625 0.53515625 0.4736328125 0.552734375 0.4697265625 0.552734375 0.4599609375 0.55859375 0.4541015625 0.55859375 0.4462890625 0.5625 0.4306640625 0.5625 0.423828125 0.5673828125 0.421875 0.5771484375 0.41796875 0.5810546875 0.4208984375 0.5859375 0.4248046875 0.587890625 0.4306640625 0.5859375 0.4365234375 0.587890625 0.4404296875 0.591796875 0.4521484375 0.59375 0.4560546875 0.599609375 0.4599609375 0.59765625 0.4619140625 0.599609375 0.466796875 0.5986328125 0.4716796875 0.595703125 0.4970703125 0.59375 0.5068359375 0.583984375 0.5146484375 0.583984375
0 0.15118697875 0.22670661625000002 0.13630814875 0.23331928875 0.1255623175 0.26390291 0.15366676875 0.26472949625 0.17102543375 0.24489147 0.15118697875 0.22670661625000002
0 0.34295855625 0.2820877625 0.32229352 0.2763016775 0.30906789875 0.27960801375 0.3057614825 0.3143245575 0.3305595625 0.31019162375 0.33882555875000003 0.30109921375 0.34295855625 0.2820877625
0 0.44215074 0.41930076374999997 0.42313891124999997 0.4126880925 0.404953665 0.41434126499999996 0.38180883875 0.42591343625 0.36527684625 0.452364145 0.40660691875 0.463936315 0.44215074 0.447404625 0.44215074 0.41930076374999997
0 0.03711592125 0.52097064625 0.024716926250000004 0.57552519375 0.054474585 0.5879239725000001 0.11729632125 0.5945366225000001 0.1809446375 0.6003227525 0.1106834875 0.62264052875 0.09332486875000001 0.6300797875 0.1809446375 0.6523975625 0.22062150249999998 0.65322412625 0.29253586125000003 0.6540506912499999 0.32973293499999995 0.649091215 0.30989448124999996 0.61520127 0.31733389500000003 0.59040371125 0.33717235 0.5887505375 0.354531015 0.6003227525 0.37602267875 0.61520127 0.4107399175 0.61272148625 0.41239308 0.58709736375 0.41156649875 0.55734032875 0.43057832625000003 0.5457681600000001 0.48100106750000005 0.53832890125 0.4934000625 0.51270477875 0.4487635725 0.49286678500000003 0.39916750375 0.487907265 0.37436942500000003 0.48873382875 0.33469256000000003 0.48212118 0.27931024 0.463936315 0.25285899749999996 0.45401729625000004 0.22227471000000001 0.43913877874999996 0.186730845 0.45649705625000003 0.16358601875 0.46310972874999995 0.12638894374999998 0.45153755875 0.11564311249999999 0.45153755875 0.11646969374999999 0.47220216125000003 0.07679282999999999 0.48129459249999995 0.056954374999999995 0.4788148325 0.03711592125 0.52097064625
0 0.73311459125 0.53419599 0.7488200025 0.52675673125 0.75460625375 0.51435795125 0.7512998375 0.50609212875 0.72898159375 0.50030604375 0.719888925 0.5036123462500001 0.69757068 0.51187821375 0.6893046837500001 0.5184908625 0.6884781025 0.5292364687500001 0.7240219225 0.5358491625 0.73311459125 0.53419599
0 0.8769432175 0.26968900625 0.89595513625 0.26059657375 0.89512846375 0.24241172125 0.8785964725 0.234145875 0.85262171375 0.23879019750000002 0.83809298125 0.267209245 0.8471855587500001 0.2763016775 0.865370805 0.2738219175 0.8769432175 0.26968900625
0 0.87281022 0.357306935 0.88603588625 0.34490817749999997 0.8901688849999999 0.3225904025 0.8794230525000001 0.30440553875 0.87281022 0.29696628 0.86378242875 0.305010435 0.8703304749999999 0.3225904025 0.8637176424999999 0.33416257250000003 0.85793139 0.34490817749999997 0.87281022 0.357306935