0 0.888671875 0.6103515625 0.9013671875 0.625 0.9072265625 0.62890625 0.9140625 0.6279296875 0.9140625 0.6142578125 0.8974609375 0.59375 0.8935546875 0.595703125 0.888671875 0.6103515625
0 0.2001953125 0.341796875 0.197265625 0.3251953125 0.1923828125 0.322265625 0.1875 0.3291015625 0.185546875 0.3466796875 0.1962890625 0.35546875 0.212890625 0.3564453125 0.2216796875 0.35546875 0.224609375 0.3486328125 0.2138671875 0.34765625 0.2001953125 0.341796875
0 0.6943359375 0.40234375 0.6884765625 0.40234375 0.681640625 0.4072265625 0.68359375 0.4365234375 0.689453125 0.4482421875 0.6982421875 0.45703125 0.701171875 0.4560546875 0.705078125 0.4501953125 0.70703125 0.4208984375 0.705078125 0.4130859375 0.6943359375 0.40234375
0 0.978515625 0.6279296875 0.9638671875 0.62109375 0.9248046875 0.62890625 0.919921875 0.6337890625 0.9248046875 0.64453125 0.9326171875 0.6484375 0.943359375 0.6474609375 0.9658203125 0.64453125 0.9736328125 0.640625 0.978515625 0.6357421875 0.978515625 0.6279296875
0 0.7705078125 0.568359375 0.765625 0.5576171875 0.75390625 0.5458984375 0.7578125 0.5185546875 0.7509765625 0.517578125 0.7431640625 0.529296875 0.7353515625 0.529296875 0.732421875 0.5263671875 0.736328125 0.5146484375 0.734375 0.4990234375 0.7177734375 0.5 0.708984375 0.5126953125 0.71875 0.5244140625 0.71875 0.5283203125 0.7412109375 0.55078125 0.7646484375 0.56640625 0.7841796875 0.587890625 0.794921875 0.5888671875 0.798828125 0.5693359375 0.7939453125 0.564453125 0.7880859375 0.568359375 0.7705078125 0.568359375
0 0.6357421875 0.48828125 0.642578125 0.4853515625 0.6484375 0.4716796875 0.6484375 0.4619140625 0.65625 0.4501953125 0.6435546875 0.4296875 0.6318359375 0.431640625 0.6201171875 0.4140625 0.6103515625 0.4140625 0.607421875 0.4189453125 0.607421875 0.4365234375 0.615234375 0.4521484375 0.61328125 0.4619140625 0.5888671875 0.482421875 0.5810546875 0.482421875 0.5615234375 0.466796875 0.5498046875 0.466796875 0.544921875 0.4755859375 0.544921875 0.4931640625 0.5517578125 0.513671875 0.5595703125 0.513671875 0.572265625 0.4990234375 0.5771484375 0.48828125 0.5810546875 0.48828125 0.6103515625 0.513671875 0.623046875 0.5126953125 0.626953125 0.5087890625 0.626953125 0.4990234375 0.6328125 0.4951171875 0.6357421875 0.48828125
0 0.5302734375 0.509765625 0.515625 0.5029296875 0.515625 0.4931640625 0.48828125 0.4658203125 0.48828125 0.4580078125 0.49609375 0.4423828125 0.4697265625 0.431640625 0.4541015625 0.43359375 0.44921875 0.4384765625 0.451171875 0.4716796875 0.4453125 0.4853515625 0.447265625 0.5126953125 0.4541015625 0.51953125 0.4716796875 0.525390625 0.51171875 0.5244140625 0.5263671875 0.5234375 0.533203125 0.5185546875 0.533203125 0.5146484375 0.5302734375 0.509765625
0 0.0419921875 0.30859375 0.0263671875 0.314453125 0.0107421875 0.29296875 0.001953125 0.2958984375 0.017578125 0.3251953125 0.0302734375 0.3359375 0.0361328125 0.337890625 0.0517578125 0.330078125 0.0537109375 0.326171875 0.0693359375 0.337890625 0.080078125 0.3369140625 0.08203125 0.3251953125 0.0751953125 0.318359375 0.0537109375 0.318359375 0.0419921875 0.30859375
0 0.8445824175 0.365794725 0.8272238249999999 0.36492680875 0.82982765125 0.38922838875 0.8515258925000001 0.390096305 0.85673345125 0.37360594625 0.8445824175 0.365794725
0 0.8680165737500001 0.59232017125 0.8758279600000001 0.587112675 0.87496004875 0.57756562125 0.8645448362499999 0.5688865074999999 0.8515258925000001 0.5688865074999999 0.8376390375 0.55239612375 0.81941243875 0.55586778875 0.8107331425 0.5914522325 0.8445824175 0.5862447825 0.85065798125 0.58364101 0.8680165737500001 0.59232017125
0 0.9964704812499999 0.5619431775 0.9982063975 0.53764162125 0.9817156199999999 0.51854751375 0.97216841375 0.5280945675000001 0.9791118887499999 0.55847151375 0.9851873575000001 0.566282735 0.99560257 0.56367901 0.9964704812499999 0.5619431775