0 0.3564453125 0.3671875 0.3447265625 0.3671875 0.33984375 0.3759765625 0.341796875 0.3916015625 0.353515625 0.3916015625 0.3583984375 0.390625 0.36328125 0.3837890625 0.361328125 0.3720703125 0.3564453125 0.3671875
0 1 0.5166015625 0.9853515625 0.515625 0.978515625 0.5224609375 0.978515625 0.5302734375 0.970703125 0.5341796875 0.96875 0.5458984375 0.9873046875 0.544921875 1 0.5478515625 1 0.5166015625
0 0.5224609375 0.46484375 0.5146484375 0.455078125 0.5009765625 0.453125 0.498046875 0.4501953125 0.498046875 0.4267578125 0.4921875 0.4111328125 0.490234375 0.3916015625 0.4833984375 0.390625 0.4716796875 0.40625 0.4677734375 0.400390625 0.4521484375 0.396484375 0.4453125 0.4033203125 0.4453125 0.4189453125 0.4501953125 0.423828125 0.4619140625 0.423828125 0.4716796875 0.41796875 0.474609375 0.4228515625 0.46484375 0.4384765625 0.46875 0.4462890625 0.48828125 0.4619140625 0.501953125 0.4833984375 0.509765625 0.4892578125 0.5146484375 0.5 0.537109375 0.5009765625 0.541015625 0.4970703125 0.533203125 0.4912109375 0.533203125 0.4716796875 0.5224609375 0.46484375
0 0.287109375 0.3642578125 0.287109375 0.3583984375 0.291015625 0.3466796875 0.296875 0.3408203125 0.298828125 0.3251953125 0.291015625 0.3134765625 0.291015625 0.3017578125 0.2880859375 0.296875 0.2646484375 0.294921875 0.2470703125 0.3046875 0.23828125 0.3154296875 0.228515625 0.3349609375 0.23046875 0.3603515625 0.236328125 0.3759765625 0.2509765625 0.390625 0.2626953125 0.396484375 0.2685546875 0.40625 0.2802734375 0.40625 0.28125 0.4169921875 0.2841796875 0.419921875 0.296875 0.4208984375 0.296875 0.4052734375 0.3046875 0.3798828125 0.2939453125 0.365234375 0.287109375 0.3642578125
0 0.9638671875 0.5703125 0.9541015625 0.5703125 0.9345703125 0.55078125 0.9111328125 0.54296875 0.9033203125 0.53125 0.8935546875 0.53125 0.890625 0.5341796875 0.892578125 0.5439453125 0.8779296875 0.55078125 0.875 0.5615234375 0.8603515625 0.56640625 0.8515625 0.5771484375 0.85546875 0.5888671875 0.8740234375 0.607421875 0.8896484375 0.607421875 0.9072265625 0.6015625 0.9267578125 0.6015625 0.9423828125 0.607421875 0.9677734375 0.603515625 0.9775390625 0.609375 0.9833984375 0.609375 0.984375 0.6162109375 0.9931640625 0.625 1 0.6240234375 0.9990234375 0.568359375 0.9873046875 0.5703125 0.9794921875 0.5625 0.9638671875 0.5703125
0 0.7998046875 0.505859375 0.7626953125 0.505859375 0.751953125 0.4970703125 0.751953125 0.4873046875 0.7578125 0.4755859375 0.7578125 0.4580078125 0.7548828125 0.453125 0.7490234375 0.453125 0.7392578125 0.458984375 0.7314453125 0.453125 0.7255859375 0.453125 0.7138671875 0.44140625 0.705078125 0.4462890625 0.705078125 0.4501953125 0.712890625 0.4560546875 0.712890625 0.4658203125 0.7060546875 0.47265625 0.6865234375 0.478515625 0.6513671875 0.474609375 0.6435546875 0.474609375 0.640625 0.4775390625 0.638671875 0.4833984375 0.6416015625 0.48828125 0.6533203125 0.490234375 0.6748046875 0.513671875 0.6904296875 0.521484375 0.6923828125 0.51953125 0.7001953125 0.5234375 0.7158203125 0.5234375 0.7236328125 0.53125 0.7490234375 0.52734375 0.7841796875 0.5546875 0.8037109375 0.5625 0.828125 0.5615234375 0.828125 0.5185546875 0.8251953125 0.515625 0.8115234375 0.513671875 0.7998046875 0.505859375
0 0.8879789925 0.39270005374999994 0.861941105 0.41873746625 0.841978685 0.43349199374999997 0.841978685 0.44651068875 0.84631833375 0.4595293825 0.8845073512499999 0.44217113124999996 0.9174887150000001 0.42307702375 0.91314906625 0.39964335875 0.8879789925 0.39270005374999994
0 0.91662080375 0.49511384875 0.90967732875 0.48209513125000003 0.8936902999999999 0.48276095750000003 0.8931866475 0.51767962125 0.9009980325 0.52896246 0.9122811562500001 0.51594378875 0.91662080375 0.49511384875
0 0.93658322375 0.40311502375 0.9331114862500001 0.40571874874999997 0.9296397487500001 0.41700163375000004 0.94005496125 0.41786955124999997 0.9704325925 0.41266205375 0.9825836262500001 0.4022471075 0.9773759725 0.38922838875 0.93658322375 0.40311502375
0 0.5694481 0.49164218374999996 0.56076880375 0.49077429250000004 0.55556115 0.50379296375 0.57465565875 0.50379296375 0.57725948625 0.50032134625 0.5694481 0.49164218374999996
0 0.3108044175 0.41352997 0.30299303125 0.41179413750000005 0.29518164625 0.4161337175 0.2874403 0.42572970750000005 0.297785425 0.441303215 0.315144065 0.43696363374999997 0.3186158025 0.42307702375 0.3108044175 0.41352997