0 0.8544921875 0.591796875 0.8466796875 0.591796875 0.84375 0.5888671875 0.845703125 0.5751953125 0.8369140625 0.5546875 0.8291015625 0.5546875 0.81640625 0.5615234375 0.81640625 0.5673828125 0.810546875 0.5732421875 0.8125 0.5869140625 0.8076171875 0.591796875 0.7978515625 0.595703125 0.794921875 0.6005859375 0.7978515625 0.60546875 0.8173828125 0.60546875 0.8232421875 0.607421875 0.826171875 0.6044921875 0.828125 0.6044921875 0.8310546875 0.607421875 0.8388671875 0.607421875 0.8408203125 0.609375 0.8525390625 0.60546875 0.8544921875 0.607421875 0.86328125 0.6083984375 0.8671875 0.6064453125 0.865234375 0.5888671875 0.8623046875 0.5859375 0.8544921875 0.591796875
0 0.3759765625 0.470703125 0.3642578125 0.47265625 0.361328125 0.4794921875 0.361328125 0.5029296875 0.3642578125 0.505859375 0.3671875 0.5048828125 0.3798828125 0.498046875 0.384765625 0.4912109375 0.384765625 0.4833984375 0.3759765625 0.470703125
0 0.7822265625 0.4765625 0.77734375 0.4912109375 0.7802734375 0.494140625 0.78515625 0.4931640625 0.7890625 0.4873046875 0.7890625 0.4794921875 0.7861328125 0.4765625 0.7822265625 0.4765625
0 0.73828125 0.4990234375 0.73828125 0.5048828125 0.7412109375 0.5078125 0.75390625 0.5068359375 0.755859375 0.5048828125 0.755859375 0.4873046875 0.7509765625 0.484375 0.73828125 0.4990234375
0 0.7998046875 0.5234375 0.79296875 0.5341796875 0.79296875 0.5400390625 0.7958984375 0.546875 0.7998046875 0.548828125 0.806640625 0.5478515625 0.810546875 0.5419921875 0.80859375 0.5322265625 0.806640625 0.5283203125 0.7998046875 0.5234375
0 0.212890625 0.4638671875 0.2138671875 0.46875 0.23828125 0.4677734375 0.2314453125 0.458984375 0.2255859375 0.4609375 0.2197265625 0.458984375 0.212890625 0.4638671875
0 0.26112499375 0.5184908625 0.27931024 0.5226238200000001 0.28261665625 0.5358491625 0.286749655 0.5449415950000001 0.3057614825 0.5449415950000001 0.35039801625 0.5358491625 0.33634576875 0.52179721 0.33469256000000003 0.51270477875 0.32146693875 0.50857186625 0.28714552375 0.50069495875 0.27683045 0.49865287 0.2602984125 0.50691869375 0.26112499375 0.5184908625
0 0.128868735 0.568085935 0.14622735374999998 0.57304545625 0.17019880625 0.55816693875 0.1602796025 0.52593012125 0.13382835875 0.516837735 0.13134852375 0.52179721 0.09993765625 0.53502255375 0.0751396225 0.5457681600000001 0.09497807625 0.56147328625 0.128868735 0.568085935
0 0.15201356 0.4961730875 0.1528401875 0.487907265 0.13878793875 0.47468192125 0.13713473125 0.473855335 0.12717528625 0.47167710125 0.11894953 0.473855335 0.1206026925 0.4912136125 0.13465494125 0.4961730875 0.15201356 0.4961730875
0 0.21483529625 0.4961730875 0.22888754375 0.4969996975 0.21731513125 0.50857186625 0.2156619225 0.5184908625 0.2131820875 0.5375023375 0.2330205425 0.54080863875 0.23880674875 0.52427699375 0.23880674875 0.50113260875 0.242113165 0.4672426625 0.24045995625 0.45897681749999997 0.22062150249999998 0.452364145 0.20491609125 0.46062999 0.19747667624999998 0.46310972874999995 0.1874431425 0.46498067374999996 0.17267864125 0.47716165875 0.18755747125 0.4903870025 0.19995646625 0.48542752749999996 0.21483529625 0.4961730875
0 0.269391035 0.466416075 0.26112499375 0.46476290249999996 0.256991995 0.49204017624999996 0.27352403375 0.49204017624999996 0.28261665625 0.48542752749999996 0.27848365875 0.4705489875 0.269391035 0.466416075
0 0.71575592625 0.585444235 0.714929345 0.57552519375 0.69757068 0.5780049312500001 0.6934376812499999 0.5879239725000001 0.70170367875 0.59123032 0.71575592625 0.585444235
0 0.62896278375 0.5879239725000001 0.6388819425 0.5821378875 0.6388819425 0.57304545625 0.6322692 0.5631264137499999 0.59920512375 0.56229985 0.56448779375 0.56064667625 0.54960896375 0.56064667625 0.5322503900000001 0.5713922825000001 0.52811730125 0.5780049312500001 0.51323847125 0.5879239725000001 0.52152052375 0.58998067375 0.569447465 0.59949614375 0.59424545375 0.59949614375 0.60168486875 0.5970164050000001 0.62896278375 0.5879239725000001
0 0.39420783375 0.568085935 0.37271626124999996 0.55568715625 0.3561841775 0.55816693875 0.34815742875 0.557986625 0.35535759624999996 0.5713922825000001 0.38346209375 0.57552519375 0.390074835 0.57304545625 0.39420783375 0.568085935
0 0.40826008125 0.499479435 0.38842167250000004 0.49369335 0.36775659125 0.51022504 0.37354284249999997 0.51435795125 0.41900591374999996 0.5308896424999999 0.4330581625 0.527583295 0.44049757624999997 0.516011125 0.40826008125 0.499479435
0 0.85214522875 0.50113260875 0.8116417375 0.50113260875 0.7884969125000001 0.50939847625 0.795109655 0.5135313875 0.80254906875 0.52097064625 0.83974614375 0.5308896424999999 0.85297181 0.5300630774999999 0.86702405875 0.51435795125 0.85214522875 0.50113260875
0 0.9017412975000001 0.4837743525 0.89595513625 0.4870807 0.85793139 0.48625409124999996 0.83974614375 0.48625409124999996 0.8265205675 0.4763350725 0.805028905 0.4788148325 0.80254906875 0.48212118 0.8149481550000001 0.49286678500000003 0.83230672875 0.4953465225 0.8413993974999999 0.49865287 0.9290191225 0.5027857812500001 0.9364585375 0.4969996975 0.9166201275 0.4788148325 0.9017412975000001 0.4837743525
0 0.91992654375 0.5432884225 0.930672375 0.5358491625 0.95216403875 0.5375023375 0.9835748612499999 0.54659476875 0.99597394625 0.5424618125 0.9992802725 0.48873382875 0.99349411125 0.4763350725 0.9777887 0.48129459249999995 0.9620831975 0.487907265 0.940591625 0.4961730875 0.92984579375 0.5019592174999999 0.914966965 0.50691869375 0.884459875 0.50378982 0.8852093050000001 0.5135313875 0.860411225 0.5251035575 0.8661974775 0.5308896424999999 0.8819028887499999 0.5358491625 0.89678171875 0.5432884225 0.91992654375 0.5432884225