0 0.3984375 0.6298828125 0.3994140625 0.626953125 0.3896484375 0.625 0.384765625 0.6279296875 0.384765625 0.6357421875 0.3876953125 0.642578125 0.392578125 0.6416015625 0.3974609375 0.634765625 0.3994140625 0.63671875 0.40234375 0.6337890625 0.3984375 0.6298828125
0 0.935546875 0.5185546875 0.935546875 0.5263671875 0.93359375 0.5283203125 0.9384765625 0.53125 0.951171875 0.5302734375 0.953125 0.5283203125 0.953125 0.5205078125 0.9404296875 0.51171875 0.935546875 0.5185546875
0 0.91417100625 0.5112847225 0.91026475625 0.5015190975 0.90928819375 0.51030816 0.90733506875 0.512261285 0.90733506875 0.52593316 0.92686631875 0.52593316 0.92881944375 0.523980035 0.92881944375 0.51421441 0.92588975625 0.5112847225 0.91417100625 0.5112847225
0 0.6923828125 0.478515625 0.689453125 0.4814453125 0.6884765625 0.486328125 0.6826171875 0.486328125 0.6806640625 0.48828125 0.6787109375 0.486328125 0.671875 0.4873046875 0.6767578125 0.494140625 0.6865234375 0.494140625 0.6884765625 0.4921875 0.703125 0.4931640625 0.708984375 0.4853515625 0.708984375 0.4736328125 0.7060546875 0.470703125 0.6923828125 0.478515625
0 0.875 0.7314453125 0.8701171875 0.7265625 0.8583984375 0.72265625 0.8447265625 0.728515625 0.8408203125 0.732421875 0.8291015625 0.732421875 0.8251953125 0.728515625 0.8232421875 0.73046875 0.8173828125 0.728515625 0.814453125 0.7333984375 0.8154296875 0.73828125 0.8212890625 0.73828125 0.8232421875 0.740234375 0.83203125 0.7392578125 0.8583984375 0.73828125 0.8603515625 0.736328125 0.8681640625 0.736328125 0.875 0.7314453125
0 0.5244140625 0.591796875 0.5341796875 0.591796875 0.537109375 0.5888671875 0.537109375 0.5849609375 0.53125 0.5771484375 0.53125 0.5654296875 0.5283203125 0.5625 0.5126953125 0.5625 0.501953125 0.5693359375 0.498046875 0.5791015625 0.5 0.5830078125 0.5 0.5927734375 0.4921875 0.5986328125 0.4912109375 0.603515625 0.486328125 0.6025390625 0.486328125 0.5966796875 0.4833984375 0.59375 0.4677734375 0.59375 0.45703125 0.6005859375 0.45703125 0.6025390625 0.4638671875 0.607421875 0.4755859375 0.609375 0.4775390625 0.611328125 0.4833984375 0.609375 0.486328125 0.6123046875 0.4873046875 0.619140625 0.5029296875 0.619140625 0.5048828125 0.62109375 0.521484375 0.6201171875 0.5234375 0.6162109375 0.515625 0.6083984375 0.515625 0.5966796875 0.5244140625 0.591796875
0 0.767578125 0.5673828125 0.7734375 0.5615234375 0.7734375 0.5498046875 0.7646484375 0.544921875 0.7294921875 0.548828125 0.7138671875 0.54296875 0.7109375 0.5458984375 0.71484375 0.5537109375 0.71484375 0.5595703125 0.71875 0.5654296875 0.71875 0.5751953125 0.7138671875 0.578125 0.7060546875 0.578125 0.703125 0.5751953125 0.703125 0.5478515625 0.7001953125 0.544921875 0.6953125 0.5439453125 0.701171875 0.5263671875 0.6923828125 0.515625 0.6884765625 0.515625 0.6806640625 0.509765625 0.673828125 0.5107421875 0.669921875 0.5224609375 0.671875 0.5302734375 0.6748046875 0.533203125 0.6806640625 0.533203125 0.685546875 0.5380859375 0.6806640625 0.544921875 0.6767578125 0.544921875 0.6708984375 0.548828125 0.6533203125 0.548828125 0.6513671875 0.55078125 0.6396484375 0.55078125 0.6279296875 0.5546875 0.6181640625 0.552734375 0.6162109375 0.5546875 0.6103515625 0.5546875 0.6064453125 0.55859375 0.5869140625 0.556640625 0.57421875 0.5615234375 0.576171875 0.5751953125 0.580078125 0.5830078125 0.5849609375 0.5859375 0.5888671875 0.591796875 0.591796875 0.5908203125 0.591796875 0.5869140625 0.5947265625 0.583984375 0.6142578125 0.583984375 0.6162109375 0.58203125 0.6279296875 0.583984375 0.6318359375 0.580078125 0.6376953125 0.58203125 0.6435546875 0.578125 0.6533203125 0.578125 0.658203125 0.5830078125 0.658203125 0.5908203125 0.6669921875 0.59375 0.6708984375 0.59375 0.673828125 0.5908203125 0.671875 0.5810546875 0.6787109375 0.580078125 0.6845703125 0.583984375 0.6904296875 0.58203125 0.6982421875 0.5859375 0.7060546875 0.59375 0.734375 0.5947265625 0.765625 0.5927734375 0.765625 0.5751953125 0.767578125 0.5732421875 0.767578125 0.5673828125
0 0.5908203125 0.48828125 0.6015625 0.4873046875 0.607421875 0.4814453125 0.6064453125 0.4765625 0.58984375 0.4833984375 0.5908203125 0.48828125
0 0.6162109375 0.59765625 0.611328125 0.5986328125 0.6240234375 0.61328125 0.630859375 0.6123046875 0.634765625 0.6103515625 0.6318359375 0.603515625 0.6279296875 0.603515625 0.6162109375 0.59765625
0 0.20243630125 0.466416075 0.20160967500000002 0.45897681749999997 0.18259784625000003 0.45401729625000004 0.18259784625000003 0.452364145 0.17185201500000002 0.45815023 0.17515843125 0.466416075 0.189210635 0.466416075 0.20243630125 0.466416075
0 0.24624616375 0.45401729625000004 0.23467375000000001 0.45401729625000004 0.23219396 0.46228314125 0.23219396 0.4672426625 0.25120578875 0.46310972874999995 0.24624616375 0.45401729625000004
0 0.259471785 0.51435795125 0.274350615 0.50857186625 0.27848365875 0.50609212875 0.2669112 0.4903870025 0.24624616375 0.48212118 0.23880674875 0.4788148325 0.23219396 0.48046800625 0.22888754375 0.487907265 0.23136733375 0.49451995875 0.239633375 0.5036123462500001 0.259471785 0.51435795125
0 0.21483529625 0.51270477875 0.20904908875 0.499479435 0.19995646625 0.4903870025 0.20232409499999998 0.49846281625000005 0.19251705125000002 0.516837735 0.19251705125000002 0.53502255375 0.20656929999999998 0.5449415950000001 0.21483529625 0.51270477875
0 0.2231013375 0.6523975625 0.22227471000000001 0.6714089912500001 0.24128653875 0.66644947 0.242113165 0.6523975625 0.23136733375 0.63338608875 0.2231013375 0.6292531775 0.21483529625 0.6300797875 0.20656929999999998 0.6457848675 0.21648850374999998 0.65322412625 0.2231013375 0.6523975625
0 0.5661410475 0.43169952125 0.5686207925 0.40690200750000005 0.5686207925 0.3804512975 0.56200805 0.36805254 0.55704837875 0.395329815 0.5537419625 0.42921978250000004 0.55704837875 0.43996536625 0.5661410475 0.43169952125
0 0.48100106750000005 0.579658105 0.46777540125 0.55486059125 0.4627407625 0.557986625 0.44793699125 0.56643276125 0.43553799625000006 0.5771783675 0.474388235 0.59040371125 0.48100106750000005 0.579658105
0 0.4256187475 0.57469863 0.40826008125 0.56725937125 0.40247392125 0.5656061975 0.3859418375 0.58131127875 0.3958610875 0.5862708 0.41817933250000006 0.5895771475 0.4256187475 0.57469863
0 0.78436391375 0.516011125 0.78436391375 0.499479435 0.7752407625 0.49623067374999996 0.75791258 0.5226238200000001 0.7711382475 0.5457681600000001 0.7810574975 0.5432884225 0.78436391375 0.516011125