0 0.330078125 0.4521484375 0.3232421875 0.4453125 0.3193359375 0.4453125 0.318359375 0.4619140625 0.3251953125 0.466796875 0.328125 0.4658203125 0.330078125 0.4638671875 0.330078125 0.4580078125 0.328125 0.4560546875 0.330078125 0.4521484375
0 0.15625 0.5009765625 0.154296875 0.5146484375 0.1591796875 0.51953125 0.169921875 0.5185546875 0.173828125 0.5146484375 0.173828125 0.4970703125 0.1591796875 0.49609375 0.15625 0.5009765625
0 0.9677734375 0.576171875 0.9521484375 0.578125 0.9501953125 0.576171875 0.9423828125 0.576171875 0.9404296875 0.572265625 0.935546875 0.5771484375 0.935546875 0.5810546875 0.9404296875 0.5859375 0.9443359375 0.5859375 0.9658203125 0.59765625 0.9765625 0.5966796875 0.9794921875 0.595703125 0.982421875 0.5908203125 0.9736328125 0.5859375 0.9677734375 0.576171875
0 0.1787109375 0.431640625 0.1572265625 0.4296875 0.1513671875 0.43359375 0.1259765625 0.43359375 0.1240234375 0.435546875 0.1142578125 0.435546875 0.1123046875 0.43359375 0.10546875 0.4365234375 0.1123046875 0.4453125 0.1142578125 0.443359375 0.1455078125 0.443359375 0.1474609375 0.4453125 0.1875 0.4443359375 0.19140625 0.4384765625 0.1884765625 0.4296875 0.1806640625 0.4296875 0.1787109375 0.431640625
0 0.8037109375 0.48046875 0.7978515625 0.474609375 0.7841796875 0.482421875 0.78125 0.4873046875 0.78125 0.4970703125 0.7841796875 0.5 0.7919921875 0.5 0.7978515625 0.50390625 0.8056640625 0.50390625 0.8115234375 0.5078125 0.828125 0.5068359375 0.826171875 0.4970703125 0.8154296875 0.486328125 0.8076171875 0.48046875 0.8037109375 0.48046875
0 1 0.5615234375 0.9892578125 0.55859375 0.9814453125 0.55078125 0.9716796875 0.548828125 0.9658203125 0.544921875 0.9521484375 0.544921875 0.9453125 0.5478515625 0.947265625 0.5556640625 0.9541015625 0.5625 0.9638671875 0.564453125 0.9931640625 0.578125 1 0.5771484375 1 0.5615234375
0 0.669921875 0.4306640625 0.6611328125 0.423828125 0.6591796875 0.42578125 0.6513671875 0.423828125 0.6416015625 0.427734375 0.6337890625 0.427734375 0.6220703125 0.423828125 0.6064453125 0.423828125 0.603515625 0.4267578125 0.60546875 0.4326171875 0.6123046875 0.439453125 0.6435546875 0.439453125 0.6533203125 0.44921875 0.662109375 0.4482421875 0.6669921875 0.447265625 0.671875 0.4423828125 0.671875 0.4365234375 0.669921875 0.4306640625
0 0.345703125 0.5126953125 0.345703125 0.5068359375 0.34375 0.5048828125 0.34375 0.4990234375 0.345703125 0.4970703125 0.3447265625 0.4921875 0.3349609375 0.498046875 0.3291015625 0.498046875 0.3212890625 0.494140625 0.31640625 0.4951171875 0.3125 0.5029296875 0.3125 0.5224609375 0.30859375 0.5322265625 0.3203125 0.5322265625 0.3505859375 0.53125 0.353515625 0.5283203125 0.353515625 0.5185546875 0.345703125 0.5126953125
0 0.28125 0.5673828125 0.28125 0.5537109375 0.2763671875 0.548828125 0.2412109375 0.548828125 0.2373046875 0.546875 0.23046875 0.5537109375 0.2265625 0.5615234375 0.2265625 0.5673828125 0.234375 0.5751953125 0.205078125 0.5908203125 0.2138671875 0.6015625 0.2265625 0.6005859375 0.2392578125 0.591796875 0.2548828125 0.58984375 0.2685546875 0.58203125 0.28125 0.5673828125
0 0.9404296875 0.5234375 0.9521484375 0.5234375 0.9560546875 0.51953125 0.9638671875 0.51953125 0.96875 0.5146484375 0.966796875 0.5048828125 0.9619140625 0.5 0.9521484375 0.49609375 0.9306640625 0.49609375 0.927734375 0.4931640625 0.927734375 0.4892578125 0.9208984375 0.484375 0.9130859375 0.484375 0.9033203125 0.4765625 0.8974609375 0.474609375 0.8935546875 0.474609375 0.8857421875 0.484375 0.8798828125 0.484375 0.8740234375 0.48046875 0.8642578125 0.482421875 0.861328125 0.4873046875 0.86328125 0.4892578125 0.861328125 0.4931640625 0.869140625 0.5009765625 0.869140625 0.5087890625 0.875 0.5146484375 0.876953125 0.5205078125 0.8857421875 0.529296875 0.8916015625 0.53125 0.896484375 0.5361328125 0.896484375 0.5419921875 0.9033203125 0.544921875 0.9072265625 0.54296875 0.9130859375 0.54296875 0.9150390625 0.544921875 0.923828125 0.5439453125 0.92578125 0.5419921875 0.92578125 0.5322265625 0.9345703125 0.51953125 0.9404296875 0.5234375
0 0.29005607125 0.43417928125000005 0.28179003 0.4242602625 0.26443141000000003 0.421780525 0.256991995 0.4267400225 0.2640800475 0.43819495875000003 0.274350615 0.43996536625 0.2809634475 0.44905779875 0.28840286249999997 0.44327171249999997 0.29005607125 0.43417928125000005