0 0.12659648375 0.57351537 0.12982603125 0.57796638 0.1313870225 0.57791186875 0.14258575375 0.57605819125 0.14738989375 0.5746524575 0.14859129625 0.57322068375 0.148353085 0.566399195 0.146536865 0.56487520625 0.14649179 0.5648767800000001 0.13675490999999998 0.56572864625 0.13105839 0.56819787875 0.12659648375 0.57351537
0 0.837162585 0.48444661875 0.839828215 0.48563141375 0.86106570125 0.48488978375 0.8669340525 0.47737864 0.86689814125 0.4763502725 0.8634183837499999 0.4751135775 0.8596578562499999 0.4686519775 0.8423586812499999 0.47275414625 0.83706354375 0.48161044875000003 0.837162585 0.48444661875
0 0.67880251125 0.56098264875 0.67825468625 0.55314837625 0.6751114 0.5504159587499999 0.6593058974999999 0.54955304375 0.6549778924999999 0.54395125 0.652245475 0.54709453875 0.654888825 0.55675042125 0.6665511662500001 0.568727855 0.677715915 0.57509354875 0.683503245 0.57489145125 0.6875954799999999 0.5741448 0.68768924 0.573780555 0.68745114 0.5669622725 0.67880251125 0.56098264875
0 0.57701125875 0.5410873749999999 0.58197434875 0.53990511875 0.58266008375 0.5389612850000001 0.58244423125 0.53278007375 0.58064042 0.52520771125 0.56512699125 0.5276647975000001 0.56186290375 0.53215742375 0.55124560375 0.52787556625 0.5454280675 0.528796975 0.54318175375 0.52716493125 0.53879451 0.53084153875 0.54002305375 0.538598255 0.5449882 0.542205645 0.5496516662500001 0.54204279375 0.56115227 0.5402212775 0.56278431125 0.53797496125 0.5675241725 0.54141867125 0.57701125875 0.5410873749999999
0 0.3603959075 0.6287631075 0.34395145624999995 0.6317712775 0.34443000124999995 0.6356687125 0.3523272325 0.64360048125 0.356224665 0.6431219375 0.36911332375 0.651429885 0.37219390500000005 0.6520529949999999 0.37822562875000004 0.6518423624999999 0.38189961625 0.6508489725 0.38265914500000003 0.64987682 0.382267735 0.6386683175000001 0.37865217125 0.632455805 0.3603959075 0.6287631075
0 0.20826757499999998 0.56572119125 0.21437355125 0.5668456975 0.21993303625 0.56408171625 0.2207772275 0.5629614374999999 0.22051371374999998 0.55541540375 0.21607607250000002 0.5507452575 0.21218758625 0.55129175 0.20857234375 0.5537824837499999 0.2071745925 0.5579442175 0.18940315375 0.5584591824999999 0.18022842625 0.5637139 0.17050720875 0.56508012625 0.16800071249999998 0.56840636 0.16909369500000002 0.57618333625 0.17271857624999998 0.5777193012499999 0.1773323175 0.57755818625 0.1810324025 0.576488105 0.20492557875 0.57015617 0.20826757499999998 0.56572119125
0 0.77167755375 0.624350725 0.771951435 0.6228031924999999 0.7716845012500001 0.6151591925000001 0.7678494849999999 0.611825465 0.7600152124999999 0.6123732912500001 0.756871925 0.609640875 0.7552763375000001 0.60089579625 0.73555369875 0.6003067925 0.73282128125 0.60345007875 0.7358755012500001 0.6189816662500001 0.7322322787500001 0.6231727162499999 0.7326431487499999 0.62904842125 0.73595148875 0.63059496625 0.7539183250000001 0.62996755125 0.75523515875 0.628452705 0.7669865687499999 0.62763096875 0.77167755375 0.624350725
0 0.44534487375 0.60206328375 0.4520784825 0.5962098487499999 0.451649395 0.5839223837499999 0.444255935 0.5754171800000001 0.4301350875 0.58033419 0.42699180124999997 0.58306660625 0.42434845125000004 0.5927224925 0.41910963875 0.59727652 0.395832845 0.6064736475 0.39222669375 0.612579815 0.40837868374999997 0.612015775 0.42653304249999996 0.60370005125 0.43045017874999997 0.60397396375 0.43787358125 0.610397495 0.4438862425 0.60884979375 0.44716648625 0.6041588099999999 0.44534487375 0.60206328375
0 0.20026875749999998 0.61126556125 0.2014946325 0.62377966 0.22165178125 0.63104404125 0.225647335 0.63090451375 0.236546415 0.6200151712499999 0.2386368125 0.60877026 0.2384225875 0.602635685 0.23718437874999998 0.60174627875 0.231487415 0.5982216512499999 0.2113832525 0.60250812625 0.20026875749999998 0.61126556125
0 0.2629221275 0.55205086 0.2385446275 0.552182195 0.22882962625 0.5561933087500001 0.2294965275 0.5657304762500001 0.24125088375 0.565320005 0.2510766725 0.56463291875 0.2633315775 0.5637759725 0.2629221275 0.55205086
0 0.37249752125 0.57660010375 0.36319912125000003 0.58557922875 0.35139387624999996 0.59534561625 0.37924258375000003 0.603027135 0.38052305625000005 0.60298241875 0.38685199 0.59085852625 0.386061055 0.56820910125 0.38281512874999996 0.5568352587500001 0.37701405875 0.55590298375 0.36458105125 0.55402388125 0.37249752125 0.57660010375
0 0.520726495 0.494339505 0.51677591125 0.50691874375 0.5388643237499999 0.5061474 0.54356886625 0.49404933624999997 0.54298366875 0.477291495 0.53047864125 0.48170368875 0.520726495 0.494339505
0 0.11253878249999999 0.61532582125 0.0968526125 0.59979767125 0.09999413875 0.6070610425 0.088194185 0.62075940875 0.09328281625000001 0.6242699275 0.0966032225 0.62415397625 0.112593365 0.61688887125 0.11253878249999999 0.61532582125