0 0.11314678375 0.5405451975 0.11551712 0.54541291875 0.12279182000000001 0.5460493725 0.12929715625 0.54611764625 0.13454728875 0.545537105 0.13735666875 0.543179755 0.137807495 0.53802678875 0.135450145 0.53521740875 0.12513045 0.5343145525 0.11875806125 0.5358367775 0.11314678375 0.5405451975
0 0.86809614375 0.53791571875 0.8709439812499999 0.5399820425 0.8947549600000001 0.5420652324999999 0.9008011125000001 0.53699190875 0.90086340875 0.53627985 0.8973700425 0.534133655 0.89490613125 0.52663901 0.8761501075 0.5270778075 0.8683050912500001 0.53552744625 0.86809614375 0.53791571875
0 0.69331885375 0.59101524875 0.690797985 0.587415075 0.67483497125 0.58249658125 0.6718335825 0.57565600125 0.6682334075 0.57817687 0.6684749125 0.58873837625 0.67735833125 0.60397936125 0.6853098900000001 0.61157539875 0.69868822875 0.6127458525 0.6998751849999999 0.61055381875 0.7000573387500001 0.6084718 0.6918797787500001 0.59917663875 0.69331885375 0.59101524875
0 0.5783936024999999 0.55013128375 0.57417827 0.55420198375 0.5639292075 0.5478066675000001 0.557714685 0.5476981925 0.55567933625 0.5455905275 0.55044632875 0.5486073925 0.550301695 0.5568934237500001 0.5553900675 0.56216258875 0.57196213 0.562451855 0.57406979625 0.5604165075 0.5801758425 0.5667395037499999 0.59335674375 0.56595671375 0.59471636375 0.5504161975 0.5783936024999999 0.55013128375
0 0.33348174 0.63312493125 0.34040332874999996 0.642695525 0.34454445125 0.64284013625 0.35593470625 0.65302619375 0.37088444625 0.65433412625 0.37107367 0.65415767125 0.37215443625 0.6418044537500001 0.3696804075 0.63542555875 0.35126227374999996 0.62856312625 0.33362635124999995 0.62898381 0.33348174 0.63312493125
0 0.19859291625 0.54515613375 0.20445955375 0.54807282 0.21090287750000003 0.54688618375 0.21376216625000002 0.5447315562499999 0.21428267375 0.5387821375 0.21086961250000003 0.53223622 0.20676629 0.53165953625 0.2023746275 0.53313451125 0.19974628375000003 0.53694949125 0.1815696825 0.5323027525 0.1707346975 0.53496436125 0.160476395 0.53352265125 0.15696639125 0.53616763 0.15650380875 0.5394590699999999 0.15605655375 0.5445712225 0.15866160125 0.5466780225 0.17787237625 0.5483587475 0.19391291125 0.54868276875 0.19859291625 0.54515613375
0 0.7618886175 0.678631265 0.77416651 0.6805758925000001 0.7797684562499999 0.6783166825000001 0.78230226625 0.6723578825 0.7825377525 0.6696662562500001 0.7788056625 0.6645294724999999 0.77062039875 0.6632330562500001 0.76803708375 0.659677425 0.76847239625 0.6503069524999999 0.748333345 0.64501959125 0.74477771375 0.6476029087499999 0.7442311925 0.66429753625 0.7394903525 0.6677419587500001 0.73851803875 0.6738809075000001 0.7458358925 0.6796094775 0.74987748625 0.67996307125 0.75014772375 0.679918165 0.7595181962499999 0.6803534775 0.7618886175 0.678631265
0 0.44334732625 0.61444557 0.4466339325 0.60937762875 0.44463567625000006 0.60723476125 0.4523494825 0.60004151875 0.45269355 0.59610881375 0.45149811 0.58881662625 0.44250596000000003 0.57917372625 0.427795115 0.5848792724999999 0.42458081625 0.58787665375 0.4221487275 0.59815715375 0.41679156 0.60315279125 0.39258242875 0.61370936375 0.38874235 0.62076279625 0.39791279625000003 0.62156510625 0.40164688249999997 0.62128170375 0.42485688875 0.60965369625 0.42899800875 0.60979831 0.4370633375 0.6162992162500001 0.44334732625 0.61444557
0 0.18528626750000002 0.60649019125 0.20603609625 0.61356149375 0.21052251375 0.61395400375 0.2212222325 0.60288402625 0.22297173375 0.58288714 0.22253630624999998 0.58258575 0.216460595 0.57897188 0.19532787875000002 0.583864735 0.18376239375 0.59330929125 0.18528626750000002 0.60649019125
0 0.26059278875 0.5401143337500001 0.2599779175 0.5360143912499999 0.23298449999999998 0.53236890125 0.22224344625 0.5351336649999999 0.22157773125 0.54465382125 0.25767253749999997 0.5478117075 0.26015505 0.5451177150000001 0.26059278875 0.5401143337500001
0 0.369876685 0.57559154125 0.35912788625 0.5839891975 0.3456613925 0.59293654625 0.37107015875000005 0.6029046075 0.375942105 0.6033308475 0.38412848875 0.5909932525 0.38575598874999995 0.57239084875 0.38288481500000004 0.55598703875 0.37689961125000004 0.5543687675000001 0.36405884 0.5510253075 0.369876685 0.57559154125
0 0.53580407375 0.5232088475 0.5517980775 0.52460814125 0.5629226374999999 0.50764 0.56365451 0.503874845 0.5644433449999999 0.49485841125 0.5489352925 0.49688206874999996 0.53609696 0.5077850125 0.52821078625 0.52176062875 0.5281633649999999 0.52230266 0.53580407375 0.5232088475
0 0.09353923375 0.5850668 0.0803277425 0.56416025125 0.081833695 0.572374205 0.0664492425 0.58365783625 0.06906325375 0.586520625 0.0817663325 0.5876319999999999 0.09352285 0.58525407625 0.09353923375 0.5850668