0 0.1953125 0.4716796875 0.1953125 0.4794921875 0.2001953125 0.484375 0.2109375 0.4833984375 0.212890625 0.4658203125 0.2099609375 0.462890625 0.2021484375 0.462890625 0.1953125 0.4716796875
0 0.4453125 0.4580078125 0.4453125 0.4638671875 0.4501953125 0.46875 0.4619140625 0.47265625 0.470703125 0.4716796875 0.47265625 0.4677734375 0.4638671875 0.455078125 0.4541015625 0.453125 0.4453125 0.4580078125
0 0.9248046875 0.59375 0.9365234375 0.59375 0.9443359375 0.607421875 0.953125 0.6083984375 0.9365234375 0.580078125 0.921875 0.5791015625 0.919921875 0.5849609375 0.9248046875 0.59375
0 0.828125 0.5849609375 0.82421875 0.5986328125 0.82421875 0.6103515625 0.83203125 0.6103515625 0.84375 0.6025390625 0.84375 0.5947265625 0.8330078125 0.58203125 0.828125 0.5849609375
0 0.3466796875 0.43359375 0.34375 0.4365234375 0.3525390625 0.455078125 0.38671875 0.4560546875 0.390625 0.4541015625 0.3798828125 0.4453125 0.3583984375 0.4453125 0.3466796875 0.43359375
0 0.7421875 0.5029296875 0.736328125 0.5068359375 0.736328125 0.5166015625 0.7529296875 0.529296875 0.7578125 0.5283203125 0.7578125 0.5009765625 0.7529296875 0.49609375 0.7451171875 0.494140625 0.7421875 0.5029296875
0 0.888671875 0.6103515625 0.8837890625 0.60546875 0.8681640625 0.6015625 0.859375 0.6064453125 0.8603515625 0.609375 0.8720703125 0.609375 0.873046875 0.6142578125 0.869140625 0.6201171875 0.875 0.6298828125 0.8935546875 0.64453125 0.8984375 0.6435546875 0.8984375 0.6298828125 0.8935546875 0.623046875 0.888671875 0.6220703125 0.888671875 0.6103515625
0 0.7734375 0.5634765625 0.77734375 0.5458984375 0.7685546875 0.544921875 0.76171875 0.5537109375 0.76171875 0.5654296875 0.765625 0.5712890625 0.8037109375 0.607421875 0.810546875 0.6064453125 0.810546875 0.5986328125 0.7890625 0.5751953125 0.787109375 0.5693359375 0.7734375 0.5634765625
0 0.9892578125 0.623046875 0.9833984375 0.623046875 0.9755859375 0.615234375 0.9541015625 0.609375 0.953125 0.6240234375 0.943359375 0.6337890625 0.943359375 0.6376953125 0.9541015625 0.64453125 0.978515625 0.6435546875 0.9853515625 0.640625 0.9990234375 0.642578125 1 0.6376953125 0.9892578125 0.623046875
0 0.7158203125 0.560546875 0.720703125 0.5478515625 0.732421875 0.5341796875 0.732421875 0.5166015625 0.728515625 0.5087890625 0.7236328125 0.505859375 0.7177734375 0.51171875 0.7099609375 0.513671875 0.6962890625 0.533203125 0.6806640625 0.52734375 0.6708984375 0.529296875 0.66015625 0.5458984375 0.66015625 0.5556640625 0.6533203125 0.556640625 0.642578125 0.5478515625 0.640625 0.5380859375 0.62890625 0.5263671875 0.62890625 0.5146484375 0.623046875 0.5009765625 0.6181640625 0.49609375 0.6123046875 0.49609375 0.6015625 0.5185546875 0.6015625 0.5283203125 0.595703125 0.5361328125 0.595703125 0.5439453125 0.603515625 0.5634765625 0.6103515625 0.5703125 0.63671875 0.5712890625 0.6689453125 0.564453125 0.6806640625 0.55078125 0.7041015625 0.564453125 0.7158203125 0.560546875
0 0.14936909874999998 0.45085026874999995 0.17019947625 0.45779357374999996 0.17019947625 0.43175616125 0.16499186999999998 0.41960535875 0.15197287875 0.42394494 0.14936909874999998 0.45085026874999995