0 0.2533571525 0.54321557 0.24161955875 0.55371224625 0.24197136625 0.56378675125 0.2366954175 0.5795037937499999 0.23691685499999998 0.58090189875 0.2408008075 0.58803592125 0.26260920625 0.588222265 0.26426270625000003 0.58796037625 0.27470231375 0.57676526625 0.27601359625 0.55654589625 0.26746146 0.54272303625 0.259600145 0.519797945 0.25466843499999997 0.52299620125 0.2570351475 0.533000345 0.2533571525 0.54321557
0 0.21049206250000002 0.5747809512500001 0.21392389625 0.57022675125 0.21308212375 0.5642372262500001 0.20085485625 0.54966811625 0.18489897625 0.54478476875 0.17659998125 0.55816677375 0.15981851375 0.54016582625 0.15297103 0.54214615 0.14958775375 0.52531612625 0.1358927875 0.5292767700000001 0.1333350975 0.52556434375 0.12934208 0.52612552625 0.1242649925 0.53286305 0.1268003125 0.54887043 0.1284193775 0.5557763725 0.13666981625 0.5637785925 0.15034859625 0.5669460225 0.157708705 0.5903429375 0.16112435375 0.5929168125000001 0.16911038625 0.59179444875 0.183398905 0.57757067125 0.20189726375 0.59151018375 0.2163376775 0.5892230475 0.21049206250000002 0.5747809512500001
0 0.10373244875 0.50834261375 0.1032534475 0.50841848 0.09909936875 0.51780375375 0.10452526499999999 0.55206151375 0.109952025 0.55532223875 0.11049191875 0.5553641125 0.1137441475 0.55484901 0.11875773875000001 0.54897102625 0.11779276375 0.52843312125 0.11192929875 0.5215836475 0.10949056875 0.51180244 0.10373244875 0.50834261375
0 0.41198905750000003 0.43602205374999997 0.4091912075 0.43805210875 0.41054517250000006 0.44660070374999994 0.41371947374999996 0.44785526 0.43112532625 0.44509844375 0.4375340625 0.43884673125 0.4384882175 0.42662027125 0.432852065 0.42002996625 0.423901865 0.42182492125000004 0.42495617 0.43387566375 0.42238277625000004 0.4391603825 0.41635740749999994 0.43968753374999997 0.41198905750000003 0.43602205374999997
0 0.5219003725 0.40140051625 0.5060626125000001 0.410023015 0.50294626 0.41472459125 0.504129405 0.42219467250000003 0.508499685 0.42204205875 0.52232254375 0.4134899225 0.53372112625 0.422169985 0.53449528 0.42239834375 0.53791128375 0.4218573025 0.54164000625 0.41785873625000003 0.54538836125 0.40965840875 0.5458680975 0.39451147124999997 0.5399641187499999 0.39875235750000004 0.5219003725 0.40140051625
0 0.74771775625 0.37344024500000006 0.7519060249999999 0.37277688750000004 0.76077759125 0.36303056 0.7644488300000001 0.356920595 0.7629855925 0.35105186875 0.7505191550000001 0.34688762500000003 0.74465043 0.348350865 0.74024427875 0.36279541125000003 0.74083946125 0.36655324 0.74771775625 0.37344024500000006
0 0.07663223375 0.61550174125 0.06871423874999999 0.63660629875 0.06602272625 0.63993004 0.05979673125 0.63855718375 0.05679788375 0.64226045125 0.058372089999999995 0.65219959625 0.058424161249999995 0.65220153375 0.0642278575 0.65128231875 0.09219722250000001 0.61893388 0.09800173375 0.6162965675000001 0.10765986875 0.6021044325 0.09684567375 0.58600955625 0.08813890875000001 0.58996552625 0.08824125499999999 0.6102271125000001 0.08111808625 0.6099621725 0.07663223375 0.61550174125
0 0.01842458375 0.6476885287499999 0.02060852 0.6614773574999999 0.02701427375 0.66458366625 0.02873425375 0.66449744125 0.0345748175 0.6635723874999999 0.036525015 0.66068110125 0.03229336375 0.63891114375 0.028907332499999997 0.6366272374999999 0.0286037175 0.636675325 0.01842458375 0.6476885287499999
0 0.5944225225 0.42809377875000004 0.58439075875 0.41458891375 0.5680047975 0.410064835 0.5529211025 0.41862123124999995 0.5532968175 0.42099340124999995 0.55735831875 0.42946271875 0.5888123625 0.42898234 0.5944225225 0.42809377875000004
0 0.7176933775000001 0.3460374725 0.7028864075 0.35563931625 0.69483710125 0.37175673375 0.69502249875 0.37292728375 0.7109218737499999 0.37040906999999995 0.72623433625 0.36204191125 0.72607129375 0.3610125 0.7176933775000001 0.3460374725
0 0.6723129125 0.35739367 0.6722959675 0.35728667875 0.65562430875 0.35713424625 0.6519989225 0.37296638125000003 0.6521949175 0.37420384624999997 0.6590092912500001 0.37863121499999997 0.66301456125 0.3779968425 0.6723129125 0.35739367
0 0 0.531360285 0.00269740625 0.54839103875 0.00465471125 0.5480810325000001 0.01528693 0.5200712437499999 0 0.5165461287499999 0 0.531360285