0 0.6171875 0.3212890625 0.6171875 0.3076171875 0.6142578125 0.302734375 0.6103515625 0.302734375 0.607421875 0.3076171875 0.609375 0.3369140625 0.60546875 0.3427734375 0.60546875 0.3662109375 0.607421875 0.3701171875 0.6123046875 0.373046875 0.63671875 0.3720703125 0.6513671875 0.3671875 0.65234375 0.3564453125 0.62109375 0.3310546875 0.6171875 0.3212890625
0 0.4814453125 0.34765625 0.4736328125 0.349609375 0.4599609375 0.34375 0.4453125 0.3466796875 0.4453125 0.3564453125 0.4482421875 0.359375 0.466796875 0.3583984375 0.4736328125 0.35546875 0.4794921875 0.35546875 0.484375 0.3505859375 0.4814453125 0.34765625
0 0.421875 0.3427734375 0.4189453125 0.33984375 0.4072265625 0.33984375 0.396484375 0.3447265625 0.39453125 0.3505859375 0.3994140625 0.359375 0.4140625 0.3603515625 0.419921875 0.3583984375 0.419921875 0.3525390625 0.421875 0.3505859375 0.421875 0.3427734375
0 0.5888671875 0.40234375 0.5634765625 0.40234375 0.560546875 0.4052734375 0.55859375 0.4736328125 0.5693359375 0.474609375 0.5712890625 0.4765625 0.5830078125 0.4765625 0.5849609375 0.478515625 0.58984375 0.4775390625 0.595703125 0.4755859375 0.595703125 0.4033203125 0.5927734375 0.400390625 0.5888671875 0.40234375
0 0.677734375 0.5029296875 0.67578125 0.5087890625 0.6806640625 0.515625 0.685546875 0.5146484375 0.689453125 0.5107421875 0.689453125 0.5048828125 0.6826171875 0.5 0.677734375 0.5029296875
0 0.6025390625 0.578125 0.5966796875 0.578125 0.595703125 0.5927734375 0.6044921875 0.599609375 0.6171875 0.6005859375 0.62109375 0.5966796875 0.615234375 0.5927734375 0.609375 0.5830078125 0.6025390625 0.578125
0 0.6943359375 0.580078125 0.6904296875 0.583984375 0.67578125 0.5849609375 0.67578125 0.5927734375 0.6845703125 0.6015625 0.693359375 0.6005859375 0.6982421875 0.599609375 0.712890625 0.5908203125 0.6982421875 0.580078125 0.6943359375 0.580078125
0 0.4443359375 0.560546875 0.4326171875 0.55859375 0.423828125 0.5654296875 0.4306640625 0.5703125 0.453125 0.5693359375 0.458984375 0.5634765625 0.4580078125 0.55859375 0.4462890625 0.55859375 0.4443359375 0.560546875
0 0.62152336875 0.741668665 0.59424545375 0.75406739875 0.5463025475 0.7615066575 0.51241189 0.764813005 0.49009364499999997 0.7672927425 0.49422664374999997 0.7739054375000001 0.5157183062499999 0.776385175 0.56200805 0.776385175 0.585152875 0.7739054375000001 0.6264829475 0.7730788725 0.675252435 0.75737374625 0.7364210075 0.75406739875 0.7438604225000001 0.74662814125 0.7438604225000001 0.73670914375 0.73063475625 0.7292698862500001 0.7116229275000001 0.72265719125 0.6686396025000001 0.71852428 0.65458744375 0.7218306275 0.6438416125 0.7325762324999999 0.62152336875 0.741668665
0 0.7455135862500001 0.53254281625 0.74303375 0.52097064625 0.73807417125 0.516837735 0.72762171375 0.51557591125 0.72071550625 0.5308896424999999 0.72815492125 0.5416352475 0.7422071687499999 0.5391555100000001 0.7455135862500001 0.53254281625
0 0.08009924625 0.55072768 0.09084503249999999 0.5449415950000001 0.07844603875 0.55320741875 0.07844603875 0.56229985 0.11233669624999999 0.5631264137499999 0.10985690625 0.5457681600000001 0.08836524375 0.5358491625 0.059434165 0.528409905 0.043728753749999995 0.52345038375 0.02637013375 0.52097064625 0.00074547375 0.5226238200000001 0.0096157625 0.54087353 0.028849925000000002 0.5424618125 0.05034158749999999 0.54659476875 0.069353415 0.55320741875 0.08009924625 0.55072768
0 0.23467375000000001 0.5358491625 0.24376637375000001 0.5251035575 0.23384712375 0.50857186625 0.22062150249999998 0.52179721 0.21819625875 0.54604932 0.23467375000000001 0.5358491625
0 0.25533878625 0.55486059125 0.25037916125 0.5424618125 0.23467375000000001 0.54990107125 0.2305407525 0.5598201125 0.24128653875 0.5598201125 0.25533878625 0.55486059125
0 0.59176570875 0.6135480962500001 0.58680603875 0.61850757125 0.62152336875 0.62677344 0.6504543562499999 0.62512026625 0.6636800225 0.6118949225 0.63722878 0.6003227525 0.62896278375 0.6003227525 0.62069669625 0.6052822287499999 0.59176570875 0.6135480962500001
0 0.75791258 0.48294774375000005 0.7504731649999999 0.46889581375 0.73311459125 0.44905779875 0.72762171375 0.45902829250000005 0.7479934212499999 0.4870807 0.7521264187500001 0.49369335 0.75460625375 0.4961730875 0.75791258 0.48294774375000005
0 0.4429774125 0.4697224 0.4636424025 0.46228314125 0.47025523625 0.43665904125 0.46777540125 0.4044222475 0.45785624124999996 0.41930076374999997 0.44793699125 0.4374856275 0.4330581625 0.447404625 0.42396549375 0.43665904125 0.41652607875000003 0.42921978250000004 0.404953665 0.421780525 0.39751424999999996 0.4242602625 0.3933812525 0.4531907325 0.39834092249999997 0.47137557375 0.4256187475 0.4730287475 0.4429774125 0.4697224