0 0.06459100000000001 0.5464681124999999 0.0630612525 0.52459170625 0.06648250875 0.516358515 0.059174165 0.51187334125 0.049230345 0.5125686825 0.043820325 0.52094094125 0.0370682525 0.52441082625 0.03591389625 0.53648247875 0.062650865 0.5615924425 0.07117249 0.56165174375 0.07537601375 0.56091055 0.0743207925 0.55492609125 0.06459100000000001 0.5464681124999999
0 0.11644844375 0.5281007875 0.10947721875 0.5336588849999999 0.11044793374999999 0.53822574125 0.13123956874999998 0.534559615 0.132939095 0.5337673075 0.14113574 0.523540095 0.1410064625 0.5228069275 0.13086660875 0.52401703125 0.12140840125 0.5178748 0.11555823875 0.51911829 0.11644844375 0.5281007875
0 0.19380916125 0.46513987749999997 0.19187190375 0.46565896375 0.19219902749999998 0.47073118125 0.20402967875000003 0.48407275 0.2068320375 0.48569069249999997 0.20973004499999998 0.485179695 0.21224842500000002 0.48393449 0.2171823825 0.47538862375 0.23028448125 0.47806977000000006 0.2393113975 0.47565101499999995 0.2378494475 0.46735988624999997 0.22756628750000002 0.4602225775 0.20112262375 0.469372085 0.19588949125 0.46477305874999997 0.19380916125 0.46513987749999997
0 0.1576869475 0.5014759725 0.1571551375 0.5033350525 0.18192413 0.49896761125 0.1852800675 0.4931549575 0.18375607875 0.48451198625 0.18225553000000003 0.48147718125 0.16408121375 0.47912315624999996 0.16248265 0.48471136000000004 0.16557856999999998 0.49626549750000004 0.1576869475 0.5014759725
0 0.298861575 0.46485496875000004 0.3005195625 0.47265519 0.3064309425 0.47649408375 0.31799222374999997 0.478782985 0.32605383375 0.477361505 0.33122629375 0.47143848749999995 0.3302771775 0.46605578375 0.32775911874999997 0.46176984750000005 0.30896513124999997 0.459650155 0.30116491125 0.46130814125 0.298861575 0.46485496875000004
0 0.5090160925 0.5062662262500001 0.4809854725 0.4844899125 0.47034886375 0.48303261124999997 0.46380921 0.50212767625 0.46573841125000004 0.5098652825 0.47878652125000004 0.52099458875 0.48844292875 0.54324280625 0.49881867375 0.55097963 0.5244417775 0.54646158625 0.5301742475000001 0.54155432625 0.52474889625 0.51078563 0.51481929625 0.504819325 0.5090160925 0.5062662262500001
0 0.588967495 0.46980173999999997 0.5849954275 0.47014924999999996 0.58245076625 0.47537496875 0.58547933125 0.48711741875000003 0.5729671362500001 0.5042219800000001 0.57021135625 0.5184717275 0.5819164437500001 0.52645322625 0.5917908175000001 0.52823971625 0.5931177375 0.5280057450000001 0.593696255 0.512414595 0.60310516 0.50558771625 0.6024236225 0.49779772 0.59865153 0.47640511750000003 0.588967495 0.46980173999999997
0 0.62573303125 0.47367689125 0.6345177975 0.4800887325 0.6446793150000001 0.4782969825 0.6430118874999999 0.4688405325 0.63473780625 0.43998538125000003 0.62912255375 0.43848458625 0.628171275 0.44601622874999997 0.62023786875 0.45451298375 0.62573303125 0.47367689125
0 0.6934240887500001 0.5027308775 0.6872922300000001 0.50126611 0.68063910625 0.49384324 0.6683753912500001 0.490913705 0.6553045675 0.51307022875 0.6601454124999999 0.5226528875 0.7083931687499999 0.55945708875 0.71819784125 0.56179921125 0.7289598125000001 0.559901585 0.7369034449999999 0.5550213075 0.7337096725000001 0.53690851875 0.7175292837499999 0.52663801 0.6934240887500001 0.5027308775
0 0.841832515 0.545497845 0.8082436912500001 0.5504377225 0.7858760499999999 0.54639093 0.77935932 0.55196415875 0.7798805862499999 0.55792226125 0.7886934999999999 0.56715741 0.80454441125 0.5767774325 0.8065019975 0.5766916049999999 0.8363683625 0.57142535875 0.83994551375 0.569677765 0.84430245375 0.56229225875 0.84678251125 0.55191016375 0.84631506625 0.5492591525 0.841832515 0.545497845
0 0.90348134125 0.5423359074999999 0.8877386174999999 0.53324684 0.87951987125 0.5333851 0.871678855 0.5272303025 0.86782747875 0.52826227625 0.8657129225 0.53192479125 0.8708727924999999 0.551181685 0.86105548 0.5569081475000001 0.85945691375 0.5624963525 0.8696990675 0.56681753875 0.8729407425 0.56624594375 0.8923318925 0.56194332 0.9040748937499999 0.55570087 0.90493072 0.5505557425 0.90348134125 0.5423359074999999
0 1 0.58131012125 0.97785994 0.5868836875 0.9712866725000001 0.58156076 0.95699099875 0.57905409125 0.9532875837500001 0.57242723 0.93466332625 0.5573456025 0.911394905 0.54575899875 0.90852505 0.54706293375 0.96857161375 0.5938737350000001 0.98619278875 0.59958645 1 0.59715186625 1 0.58131012125
0 0.7314620150000001 0.43075415749999996 0.73568581125 0.43178728375 0.738535335 0.43128483625 0.7387998650000001 0.42900563875000003 0.73557525875 0.41071798875 0.7241423849999999 0.41165598125 0.7145093462500001 0.41410980000000003 0.714596855 0.41460608875 0.720873325 0.42918235125000004 0.7314620150000001 0.43075415749999996
0 0.0771220075 0.46283562625 0.07455282625 0.45995663375 0.06688350625 0.4579640125 0.06111049375 0.46915381125000005 0.06851014750000001 0.475809925 0.0715740475 0.47526967625 0.07787931249999999 0.46713051499999997 0.0771220075 0.46283562625
0 0.059817142499999996 0.49822846624999995 0.06186078375 0.49146033375000003 0.0594409625 0.47773684625 0.05780962875 0.4752824975 0.04837400875 0.47473083250000003 0.0483771075 0.48944711625 0.054627696249999996 0.501104875 0.055339388749999996 0.50097938375 0.059817142499999996 0.49822846624999995
0 0.809937075 0.5157124249999999 0.80480001375 0.51310913375 0.8012724475 0.52281974875 0.796005615 0.53286839375 0.80146592875 0.53442396875 0.8051454287500001 0.5337751737499999 0.8124058625 0.52971362 0.809937075 0.5157124249999999
0 0.83486627 0.50445425625 0.8355484624999999 0.515721465 0.84947939125 0.51326506625 0.8495441512499999 0.5099845012499999 0.84910002375 0.5074657312499999 0.8423483187499999 0.49996531875 0.83486627 0.50445425625
0 0.9030120587499999 0.474888305 0.90318405875 0.47586376874999997 0.903213815 0.47586600625000003 0.91672644625 0.47348336500000004 0.91589466125 0.46876607875 0.90580156375 0.46316527 0.9030120587499999 0.474888305
0 0.97523601125 0.51580537375 0.9863354112499999 0.5221350225 0.9880060512500001 0.5218404437499999 0.99358615125 0.5134609425 0.99294265875 0.50981151875 0.9906919462499999 0.49933515749999996 0.9825945212499999 0.49826504875 0.9727166862500001 0.49822335875 0.968242985 0.49901219374999994 0.97523601125 0.51580537375
0 0.96555252875 0.26089435125 0.9586780400000001 0.26306997875 0.9646778425 0.28604955 0.9661424825 0.2870703275 0.9687566750000001 0.286609375 0.9681941487500001 0.275875725 0.96555252875 0.26089435125