0 0.1455078125 0.552734375 0.1357421875 0.552734375 0.1298828125 0.5546875 0.125 0.5595703125 0.1279296875 0.564453125 0.140625 0.5634765625 0.1455078125 0.5625 0.1484375 0.5595703125 0.1484375 0.5556640625 0.1455078125 0.552734375
0 0.8408203125 0.484375 0.833984375 0.4931640625 0.833984375 0.4951171875 0.8388671875 0.498046875 0.8466796875 0.498046875 0.8486328125 0.5 0.857421875 0.4990234375 0.865234375 0.4912109375 0.861328125 0.4892578125 0.8583984375 0.482421875 0.8408203125 0.484375
0 0.6708984375 0.556640625 0.6552734375 0.5546875 0.6513671875 0.548828125 0.6484375 0.5517578125 0.650390625 0.5615234375 0.6611328125 0.57421875 0.6728515625 0.58203125 0.681640625 0.5810546875 0.68359375 0.5751953125 0.673828125 0.5673828125 0.673828125 0.5595703125 0.6708984375 0.556640625
0 0.5595703125 0.53515625 0.5498046875 0.529296875 0.5439453125 0.529296875 0.5419921875 0.52734375 0.537109375 0.5302734375 0.537109375 0.5380859375 0.5419921875 0.54296875 0.5576171875 0.54296875 0.5595703125 0.541015625 0.5654296875 0.546875 0.578125 0.5458984375 0.580078125 0.5439453125 0.5791015625 0.53125 0.5634765625 0.53125 0.5595703125 0.53515625
0 0.3564453125 0.623046875 0.33984375 0.6240234375 0.33984375 0.6279296875 0.3466796875 0.63671875 0.3505859375 0.63671875 0.3623046875 0.646484375 0.3681640625 0.6484375 0.375 0.6474609375 0.376953125 0.6455078125 0.376953125 0.6357421875 0.3740234375 0.62890625 0.3564453125 0.623046875
0 0.2177734375 0.556640625 0.220703125 0.5537109375 0.220703125 0.5498046875 0.2158203125 0.54296875 0.2119140625 0.54296875 0.2080078125 0.544921875 0.2060546875 0.548828125 0.1884765625 0.546875 0.1787109375 0.55078125 0.1689453125 0.55078125 0.166015625 0.5537109375 0.166015625 0.5615234375 0.1708984375 0.564453125 0.177734375 0.5634765625 0.2021484375 0.560546875 0.2060546875 0.556640625 0.2119140625 0.55859375 0.2177734375 0.556640625
0 0.763671875 0.6337890625 0.765625 0.6259765625 0.7607421875 0.62109375 0.7529296875 0.62109375 0.75 0.6181640625 0.7490234375 0.609375 0.7294921875 0.607421875 0.7265625 0.6103515625 0.728515625 0.6259765625 0.724609375 0.6298828125 0.724609375 0.6357421875 0.7333984375 0.640625 0.736328125 0.6396484375 0.7451171875 0.638671875 0.7470703125 0.63671875 0.7587890625 0.63671875 0.763671875 0.6337890625
0 0.4345703125 0.60546875 0.4404296875 0.603515625 0.443359375 0.5986328125 0.44140625 0.5966796875 0.44921875 0.5888671875 0.447265625 0.5791015625 0.4384765625 0.5703125 0.4248046875 0.576171875 0.421875 0.5791015625 0.419921875 0.5888671875 0.4150390625 0.59375 0.392578125 0.6044921875 0.388671875 0.6123046875 0.392578125 0.6123046875 0.4013671875 0.611328125 0.4228515625 0.599609375 0.4267578125 0.599609375 0.4345703125 0.60546875
0 0.22144812875 0.62181391875 0.2330205425 0.60941513875 0.23550033125 0.59288349375 0.2330205425 0.59123032 0.22723433499999998 0.5879239725000001 0.20739588125 0.59288349375 0.19665005000000002 0.60197588125 0.1983032575 0.61437466 0.22144812875 0.62181391875
0 0.22723433499999998 0.5457681600000001 0.22723433499999998 0.55568715625 0.24872595249999999 0.55568715625 0.26112499375 0.55568715625 0.26443141000000003 0.5515542437500001 0.26277820125 0.54411498625 0.23715354000000002 0.5424618125 0.22723433499999998 0.5457681600000001
0 0.37767584125 0.59784296875 0.38511525625 0.5829644525 0.38511525625 0.5705656725 0.37932900375 0.5515542437500001 0.37354284249999997 0.55072768 0.36114384875 0.54907450625 0.369409845 0.5713922825000001 0.36031717625 0.580484715 0.3487447625 0.59040371125 0.37767584125 0.59784296875
0 0.544649385 0.4903870025 0.544649385 0.47798824625 0.529770555 0.48294774375000005 0.519851305 0.4953465225 0.514891725 0.51022504 0.5372099699999999 0.50857186625 0.544649385 0.4903870025
0 0.0958046575 0.585444235 0.09815742875 0.59295686375 0.08505882625 0.6052822287499999 0.09084503249999999 0.61024174875 0.1106834875 0.60362905375 0.0958046575 0.585444235