0 0.804827215 0.4316440625 0.80359004375 0.4333468825 0.8042052649999999 0.44214496 0.80696922625 0.45222052124999995 0.81900559125 0.45137885625 0.8226440074999999 0.44637100500000004 0.821368035 0.43831482 0.813019495 0.430495555 0.8113348349999999 0.43061335749999996 0.804827215 0.4316440625
0 0.56086424 0.44823374375 0.56011871 0.44216188625 0.55038964875 0.43822030125 0.5405183975 0.44148680375 0.5354307500000001 0.4511793375 0.53595254375 0.45864133 0.5483034475 0.45777766999999997 0.556425635 0.45391489999999995 0.56086424 0.44823374375
0 0.059278252499999996 0.620714635 0.07136253 0.6188006725 0.07496217625 0.60893998125 0.07199115 0.603216835 0.05704529875 0.60661631 0.045125652499999995 0.6370643125000001 0.05153262125 0.63661629375 0.0534550225 0.63608893375 0.059278252499999996 0.620714635
0 0.17607789125 0.6163612375 0.17063067875000001 0.6028418325 0.16524100125 0.600332735 0.1558710325 0.6141014275 0.15648508375 0.62288277625 0.16513032249999998 0.6274197162499999 0.1767941425 0.6266041025 0.17607789125 0.6163612375
0 0.66495451625 0.41314694375 0.6615928225000001 0.41042469625 0.6507038312500001 0.42387148 0.62839603875 0.42621612124999997 0.61951970875 0.43518257875000005 0.6196119449999999 0.43650161375 0.65075211625 0.43432408125 0.6578535212500001 0.43337193749999997 0.66495451625 0.41314694375
0 0.26102384749999996 0.5265796975 0.26137967375 0.51639015125 0.25540827625 0.51210083625 0.252671655 0.502823495 0.24444885125 0.5045767425 0.23917616500000002 0.50949360375 0.23904285625 0.513311085 0.24078152125 0.53817516 0.2451393925 0.5378704275 0.26102384749999996 0.5265796975
0 0.1106295125 0.64587647 0.105639895 0.64733647375 0.10221380375000001 0.65314408625 0.10325855625000001 0.66808473 0.10977382499999999 0.6676291375 0.125560155 0.65275797 0.13076571125 0.64206784 0.12616975625000001 0.63632911 0.12674114250000001 0.6311617675 0.13892949625 0.63009542625 0.13967860625 0.62695947625 0.1300930325 0.62268075125 0.1141973425 0.6281653275 0.1095631725 0.63368811625 0.1106295125 0.64587647
0 0.19549846875 0.62529616875 0.201643745 0.6248664487500001 0.23540432500000003 0.58243488625 0.23859155 0.575809375 0.23688878124999999 0.5636935350000001 0.22854413125 0.5555999374999999 0.21959914749999998 0.5578866662499999 0.226191915 0.57549284 0.2129081525 0.583537325 0.21174023125000002 0.58987904125 0.19474985749999998 0.614590535 0.19549846875 0.62529616875
0 0.012144815 0.67321984 0.01838845875 0.6752724775 0.045660275 0.67336544625 0.055033275 0.6661807762499999 0.0546778275 0.66211799125 0.0436322475 0.65284964875 0.04128362375 0.6377030725 0.01947148 0.64575220875 0.012056807499999999 0.6545886725 0.010849383749999999 0.65469430875 0.012144815 0.67321984
0 0.40912572500000005 0.53886554875 0.40286684875 0.53081694875 0.40268890874999996 0.5206227437500001 0.39106601875 0.497371805 0.384949495 0.49747856749999997 0.3799413625 0.50266464125 0.374073955 0.51704329375 0.37428748375 0.52927634125 0.3622679675 0.5417229175 0.36040706624999996 0.55195271125 0.349353585 0.56132323 0.34219984750000004 0.5604283675 0.3420219075 0.55023416125 0.3305057825 0.5330997475 0.32027598875 0.5312388462500001 0.304072025 0.53764007375 0.28944425500000004 0.51750078 0.28125330125000003 0.51560429125 0.27503001375 0.5095945325 0.26998629375 0.51274176375 0.2670058675 0.51897214125 0.26860446 0.5418330775 0.27885342 0.553376235 0.28418184750000003 0.5665397325 0.29648606875 0.5704038849999999 0.32070304499999996 0.5557049399999999 0.33318520749999997 0.56976329875 0.35994126625 0.57495258375 0.3968113675 0.572374375 0.4014685925 0.5675516775 0.4092680775 0.5470209137500001 0.40912572500000005 0.53886554875
0 0.8469183375 0.38994944375 0.84896448125 0.41921067 0.85581558875 0.41873159375 0.8690106375000001 0.4127364525 0.86337082125 0.3850840975 0.84937927125 0.3819989925 0.8469183375 0.38994944375