0 0.22099922374999997 0.43301346875 0.22221066875 0.43440707625 0.23805004875000002 0.43635190875 0.24199935374999998 0.42678674125 0.2420937975 0.42601756375 0.23359494000000003 0.4162407475 0.225327835 0.415662655 0.21988691124999998 0.42225418625000005 0.2197559025 0.42332116375 0.22099922374999997 0.43301346875
0 0.53908905125 0.34310732625 0.53478060125 0.34481012375 0.5120772675 0.34282383875 0.50171874375 0.33047903125 0.50019652 0.32410664125 0.49172136250000004 0.3140063425 0.48759348625 0.31364520125 0.48067938125 0.321359245 0.4701791125 0.32252032625 0.46681235 0.32534537999999996 0.4572925925 0.33907066999999996 0.45693144875 0.34319854749999995 0.45019791875000004 0.34884865249999997 0.43079726125 0.38042711124999995 0.42518598375000005 0.38513553 0.41468571750000005 0.38629661249999997 0.40382430874999997 0.391585575 0.37887646500000005 0.39148265875 0.372323505 0.39506882375 0.36182323625 0.39622990625 0.3575147875 0.3979327025 0.3472339175 0.40847179625 0.34615049 0.42085543375 0.34785328625 0.42516388374999997 0.35556732875 0.43207798750000004 0.35466447125 0.44239768124999995 0.35129770875 0.44522273375 0.34079744125 0.4463838175 0.33424448125 0.4499699825 0.32396361125 0.46050907750000003 0.36824801874999996 0.46542332999999997 0.38117337 0.46031494 0.3853012475 0.4606760825 0.38479836125 0.47830985125 0.38668173000000006 0.48055436375 0.38505658750000005 0.49912981625 0.3828120775 0.501013185 0.38469544624999996 0.503257695 0.38245093375000005 0.50514106375 0.38172865 0.5133968200000001 0.38625649625 0.521072035 0.39103394375 0.52314288125 0.39488997 0.5236163425 0.4016457575 0.52345829 0.40950154625 0.5168665025 0.43032150874999997 0.51660827625 0.4340494175 0.509655345 0.44172463375 0.50512749625 0.44773588125 0.50773315 0.45110264625 0.50490809875 0.45345007125000003 0.47807688625 0.45906134875 0.47336846625 0.47162555500000003 0.472387955 0.48284811 0.462971115 0.4948706025 0.46818242125 0.5093181775 0.46944642125 0.51514885125 0.47411601249999996 0.5280742025 0.46900762375 0.54378577625 0.4558240475 0.57228095625 0.4510379725 0.57390609875 0.43246251874999997 0.5761506075 0.43057915125 0.5768728949999999 0.42232339375 0.5820841999999999 0.41030089875000003 0.58316762875 0.397917265 0.594279845 0.38859300875 0.594635495 0.38569647250000005 0.5947513225000001 0.38437254625 0.59192627125 0.38100577999999996 0.5814260025 0.38216686375000003 0.57860095 0.37880009625 0.57932323625 0.37054434 0.5764981825000001 0.36717757375 0.5703063675 0.36663586000000004 0.56147006875 0.36066344125 0.5646174325 0.34846037625000004 0.56197295375 0.34302967125 0.55407833875 0.33817950625000004 0.54716423625 0.34589355125 0.5409724175 0.34535183750000004 0.53908905125 0.34310732625
0 0.54868324 0.49212429 0.5489657325 0.49096779375 0.55022652875 0.4806994325 0.54506727125 0.47617394375000005 0.54180448125 0.47433286625 0.537711485 0.47465231625000004 0.5383809925 0.485736075 0.54258901625 0.49137601375 0.54868324 0.49212429
0 0.56500726 0.49412862750000003 0.57062561125 0.48892929875 0.57185138125 0.47894620875 0.57187416625 0.47330669999999997 0.56720245375 0.4753415925 0.56170502625 0.47841213875 0.553534545 0.4912093975 0.55715118625 0.49316402375 0.56500726 0.49412862750000003
0 0.60297499 0.48262531625 0.59801107 0.49265209125 0.6150786975 0.50405478875 0.62261208875 0.50497977375 0.63364645875 0.5015369900000001 0.63771355 0.49641375 0.63781286 0.4956049375 0.6238629812500001 0.47956230625 0.61035526875 0.47497348875 0.59843473875 0.48115858 0.60297499 0.48262531625
0 0.7115233562500001 0.52093425375 0.7174843224999999 0.51343055125 0.71788573625 0.5101612987499999 0.70929355625 0.50867404875 0.6906457175 0.5104481425 0.684740705 0.5096927925 0.69250976875 0.5181736375 0.70237407625 0.5198108625 0.7115233562500001 0.52093425375
0 0.23255591125 0.50877475375 0.23357988124999998 0.50561472875 0.23738359375 0.4746359775 0.22703659250000002 0.471095735 0.22462303625000002 0.47617054625 0.211441235 0.49603667375 0.21457964375 0.51155211625 0.21771215375 0.51193674 0.23255591125 0.50877475375
0 0.249447675 0.514573985 0.2681249575 0.51686726625 0.27785964125 0.5170371862500001 0.28490318625 0.50815229125 0.28522955499999997 0.5054942299999999 0.28292859124999997 0.49816765625000003 0.25164167125 0.49169716375 0.25160031875 0.49406619874999996 0.24428634 0.50578727 0.249447675 0.514573985
0 0.458194495 0.5421354212499999 0.45693148625 0.5476061175 0.46352987874999996 0.5484162975 0.46599825375000004 0.54101361625 0.46665159 0.5356926212500001 0.46550182999999995 0.53261586375 0.458194495 0.5421354212499999
0 0.46205045749999996 0.523908715 0.4708678375 0.52916709 0.47394960249999996 0.5295454825 0.47902262125 0.50673685625 0.47922272 0.50510718125 0.47688611000000003 0.48945698625 0.47398814 0.4875776725 0.46798547625 0.48973887875000005 0.46322127625 0.507353765 0.46205045749999996 0.523908715
0 0.50742833875 0.55232678375 0.5075886924999999 0.5510208062499999 0.50962370375 0.53105583125 0.5048972375 0.51697334 0.50460574 0.5169375487500001 0.49289591250000003 0.55795149125 0.4926792325 0.5597162025 0.49300117 0.56336940375 0.4935171125 0.5634327525 0.50742833875 0.55232678375
0 0.36023656000000004 0.53053815125 0.35587583875 0.5255195725 0.34108978 0.52407660125 0.32504681375 0.5267587524999999 0.3315256075 0.5334675987499999 0.3580969075 0.53673014375 0.35984781875000005 0.533704195 0.36023656000000004 0.53053815125