0 0.68038993875 0.4918490225 0.68142815875 0.49494026375 0.6797810575 0.496181445 0.67873725875 0.5036084550000001 0.6798454525 0.50507907875 0.68475554 0.50576914625 0.69087362 0.50257915875 0.69230661375 0.48489819124999994 0.68818049625 0.48431830374999996 0.68065088875 0.48999226999999995 0.68038993875 0.4918490225
0 0.8423522625 0.56092762375 0.8394210612499999 0.5817842 0.8545944775 0.583916685 0.85720185875 0.58187957375 0.856911315 0.56715104875 0.85444434375 0.5616006975 0.8423522625 0.56092762375
0 0 0.5445235375 0.011313398750000002 0.54114861875 0.01538901375 0.5420149200000001 0.021566405 0.53800327125 0.022432703749999998 0.53392765875 0.01842106 0.52775026375 0.01551695375 0.53139272875 0.0073657225000000005 0.52966013375 0.0048947675 0.53126479125 0 0.5295674325 0 0.5445235375
0 0.9011232124999999 0.501041815 0.89915176875 0.498852305 0.87210555125 0.4974348725 0.8660821824999999 0.49294681500000004 0.84308789125 0.49382792999999997 0.8411164437499999 0.49163841625000004 0.83279453 0.49120228375 0.8314868525 0.49453310375000004 0.8303790212500001 0.50241573125 0.8327249837499999 0.50636834375 0.84010326125 0.50740529375 0.8756123075 0.5101358075 0.87780181875 0.5081643625000001 0.91108947125 0.509908895 0.91306091375 0.51209840625 0.92083323875 0.5031178712500001 0.913715115 0.4996155375 0.9115256024999999 0.50158698125 0.9011232124999999 0.501041815
0 0.1715568625 0.449236 0.1627105175 0.45473591874999997 0.15029712625 0.46515198875 0.15010183375 0.46581940625 0.14903694625 0.47339647999999995 0.16821920250000003 0.47609237 0.171453375 0.47432244124999995 0.1797549975 0.47504874 0.1863443625 0.47144264999999996 0.19464598625 0.47216894875000004 0.19803145625 0.46932820124999997 0.19893932875 0.45895117375 0.19628015625 0.45349029875 0.18247861375 0.44391765499999997 0.17570767375 0.44959914875 0.1715568625 0.449236
0 0 0.51410167625 0.0041397825 0.514223825 0.01288483125 0.50875931125 0.016789363749999998 0.5011082087500001 0.01038755125 0.49642303499999996 0.0041338124999999995 0.49497924374999996 0 0.49439827375 0 0.51410167625
0 0.33559653500000003 0.41530722124999997 0.33366360125 0.41308363625 0.3238027975 0.41970357625 0.32128856125 0.425793025 0.32085258125000005 0.43202779999999996 0.32568491375 0.43758676 0.32603261125000005 0.43768194375 0.34110250375 0.43979987875 0.35120532 0.43101763750000005 0.38445745375 0.433342855 0.39224 0.42657759 0.3947542375 0.42048814125 0.39185483750000005 0.41715276500000004 0.37522877 0.41599015500000003 0.3624685675 0.4192747175 0.35415553250000004 0.41869341374999997 0.34405489125000005 0.41381026624999995 0.33559653500000003 0.41530722124999997
0 0.68035411625 0.57578325375 0.6926486762499999 0.5768588874999999 0.692697495 0.57651152375 0.68956361 0.56613252375 0.69137935625 0.5453784675 0.6879548425 0.5367136975 0.68285711625 0.53522205625 0.67419234375 0.5386465725 0.6679661275 0.5381018475 0.6582919175 0.53108247 0.6581078275 0.5310565975 0.65664218375 0.5360654850000001 0.6585360137499999 0.5383224649999999 0.6579912912499999 0.5445486825 0.6557343125 0.5464425137500001 0.65518958875 0.5526687312499999 0.6485401625 0.55680278875 0.64668115125 0.57003034125 0.6477044712500001 0.57124988875 0.6776534525 0.5754589425000001 0.68035411625 0.57578325375
0 0.7731026412500001 0.62179803625 0.7701363000000001 0.61296591375 0.7639304 0.6047304062500001 0.7595143375000001 0.60621357625 0.7223792849999999 0.600994585 0.72037923125 0.602501735 0.7173192075 0.6242749325 0.7257024725 0.637226355 0.73898410625 0.64750819625 0.75519863 0.6518908062500001 0.7673037612500001 0.663059205 0.77658922875 0.6651005275 0.78086535375 0.6657014975 0.7914471249999999 0.6559332975 0.7628208 0.63507966875 0.77223280875 0.6279872125 0.7731026412500001 0.62179803625
0 0.05163112375 0.49952621 0.0578345375 0.50028789375 0.06155612375 0.50275723875 0.06191053 0.5028070474999999 0.06933440874999999 0.50065041 0.07009609375 0.4944469975 0.07590034 0.48991222125 0.08235764749999999 0.4886061 0.09280529375 0.480443505 0.09563478 0.47449398625 0.1025998775 0.46905225625 0.10361545625 0.46078103875 0.11290225250000001 0.45352539875 0.11134223625 0.449135895 0.113663935 0.44732198375000004 0.11119696375 0.44177163125 0.10111183625 0.43843435625 0.09440063500000001 0.44180828125 0.08819722 0.4410465975 0.08134307 0.42993135000000005 0.07663637625 0.42926986749999996 0.07060255625 0.43049032750000005 0.05924795875 0.437492075 0.05097673999999999 0.43647649625 0.043104688749999995 0.4407573775 0.0425969 0.44489298750000006 0.03911434875 0.44761385124999997 0.0163685025 0.44482101125 0.00552168875 0.44768714875 0.0048939462500000004 0.448177595 0.0020724725 0.46825342625 0.00918615875 0.46912687750000004 0.01281397875 0.47377027499999996 0.02522080625 0.47529364125 0.03193200875 0.47191971625 0.039586815 0.48650297000000003 0.0383173425 0.4968419925 0.04013125125 0.49916369125000004 0.04616167375 0.50059369 0.049639247500000004 0.50108243125 0.05163112375 0.49952621
0 0.7532199725 0.467424385 0.752938975 0.46738489375000003 0.73453870125 0.46936102625 0.72646094125 0.47839353500000004 0.72583146 0.48287252875 0.72678158875 0.48938138375 0.73343380375 0.4949384475 0.7350171412500001 0.49516097125 0.7418846037500001 0.48637987250000003 0.7528991075 0.48487492125000003 0.7608815137499999 0.47292762625 0.7532199725 0.467424385