0 0.06418831124999999 0.56666565625 0.0601411375 0.5722361125 0.060429962499999997 0.5749841075 0.060962045 0.57834354 0.06440359125 0.58084397 0.06769714375000001 0.58188653625 0.07024024375 0.581619245 0.0734734075 0.580422625 0.08024885875000001 0.578334325 0.0817562775 0.57459652875 0.08136184625000001 0.5708437625 0.07805292 0.5644697175000001 0.06418831124999999 0.56666565625
0 0.11019660375000001 0.547254415 0.1281350275 0.54536901 0.14084841750000002 0.54195942625 0.1442120275 0.53502463875 0.14378568125 0.5309682225 0.1403083325 0.52977333625 0.11873154749999999 0.53435962375 0.113263905 0.53757195375 0.1094024275 0.5435181075 0.11019660375000001 0.547254415
0 0.80495710625 0.506734585 0.8187812800000001 0.50429701125 0.8243577012500001 0.50127745375 0.8284243425 0.49546968625 0.82965118375 0.49134513875 0.82761592875 0.47198097125 0.82471074625 0.46863466875 0.8209689849999999 0.46752168625 0.81726894875 0.467910575 0.8105383487500001 0.46909736125 0.8025219425 0.47560157750000004 0.80588972375 0.4831528825 0.80147485625 0.4869857675 0.76825009125 0.4948804725 0.76581010625 0.49836513250000003 0.7701056825000001 0.5169523975 0.77800521125 0.5155594975000001 0.78750277 0.5175438849999999 0.7888308325 0.5174043 0.7902027275000001 0.51544503 0.7945007162500001 0.51672346125 0.80123869 0.51451723375 0.80495710625 0.506734585
0 0.7388967975 0.41287825499999997 0.7410408925 0.41681652375 0.75513976125 0.41833074875000004 0.7592879862499999 0.42219903000000003 0.7632962375 0.4220590575 0.76744445875 0.42592733875 0.7723737549999999 0.4273813775 0.78284138875 0.426281185 0.78845279 0.42419042625000003 0.7891399187499999 0.4151368675 0.80123466 0.41672108 0.8110453325 0.41035877374999996 0.8170577099999999 0.410148815 0.8199589187499999 0.40703765 0.82265017375 0.39791410499999996 0.8287325375000001 0.399708275 0.83480220875 0.39685228375000003 0.8337612074999999 0.38694781375 0.8301767787500001 0.38360528000000005 0.8202261337500001 0.38595933375 0.8160779100000001 0.38209105250000003 0.78394191 0.38120669749999997 0.7818678 0.3792725575 0.75422994875 0.39227711 0.74420931875 0.39262703875 0.7421352075000001 0.39069289875 0.73833691 0.3968452475 0.7263121575 0.39726516250000005 0.7234109449999999 0.40037632875 0.72376087375 0.41039695875 0.7268720424999999 0.41329816999999996 0.7388967975 0.41287825499999997
0 0.32892540625 0.42050707000000004 0.32580678125 0.4392741125 0.3328067275 0.4706509425 0.33113977375 0.47294530625 0.33166876 0.48910427875 0.33511030625 0.49160470875 0.34532730375 0.49201684 0.34970996625 0.5004592462499999 0.353038325 0.50287744125 0.37979261999999997 0.50006545125 0.38171420625 0.49742061625 0.37941984125 0.4957536625 0.37826344749999996 0.4756333725 0.38465198 0.46684031 0.38418056749999996 0.46235511625000003 0.3756461625 0.4526989475 0.36574287 0.454267475 0.360320665 0.4520807525 0.3587521375 0.44217745875 0.365733655 0.4349806625 0.36520466874999996 0.41882168875 0.36176312375 0.41632125999999997 0.35613485375000004 0.419243035 0.342270245 0.42143897375 0.33622062999999996 0.41529093250000004 0.33527951375 0.4093489575 0.3321516725 0.40882918625000003 0.33361255999999995 0.41164332000000003 0.32892540625 0.42050707000000004
0 0.16032053000000002 0.43457174125000003 0.13393662 0.4354102125 0.11717408624999999 0.43717202625 0.1095181225 0.43816444625 0.09889684000000001 0.44335333624999995 0.09239709375 0.45670089375000006 0.1019613275 0.4686430325 0.09531364625 0.480299695 0.08773434 0.4893321925 0.08775028750000001 0.489483925 0.11481900125 0.48769497 0.1341334675 0.4856649375 0.17224632374999999 0.47887458000000005 0.17117536625 0.468685105 0.1524678625 0.4616685175 0.16444211374999998 0.44273042500000004 0.16032053000000002 0.43457174125000003
0 0.20789444875000002 0.4951652775 0.2109151175 0.51455782375 0.218503425 0.51576074375 0.2250692125 0.51507065125 0.22275174125 0.49302138749999996 0.20735788625 0.49006022125000004 0.20789444875000002 0.4951652775
0 0.3064560275 0.520564315 0.29835749125 0.517283405 0.30723982875 0.49909160874999997 0.2817765975 0.49366750625 0.27038206625 0.50532727125 0.26089413125 0.51162261125 0.2569924975 0.5146668575000001 0.27336657375 0.5365980025 0.29503159749999996 0.54590868875 0.3122833775 0.5524088312500001 0.3151553375 0.55210697625 0.32854054875000005 0.5428574337500001 0.3282009975 0.5396268125 0.3064560275 0.520564315
0 0.5389246225000001 0.59750350875 0.559448925 0.5993300349999999 0.5645753849999999 0.5987912225 0.5788674025 0.592657615 0.57869140375 0.59098310125 0.5647966 0.5741882675 0.5418999125 0.57293981 0.53590060625 0.5762303599999999 0.5221012075 0.58872168 0.5389246225000001 0.59750350875
0 0.62350019375 0.5881637275 0.625048545 0.57762016375 0.62456595 0.573028575 0.61214740625 0.5598875562500001 0.60782338375 0.55971317125 0.60306713 0.5785110250000001 0.61387735375 0.59989380375 0.61506857125 0.5997686025 0.62350019375 0.5881637275
0 1 0.513414995 0.9868563487500001 0.5024257974999999 0.93616879 0.49843669875 0.88857819125 0.4973486925 0.8498867025 0.49296792375000004 0.82756198125 0.5227576925 0.8180206825 0.546846325 0.80454673125 0.56818126875 0.83941885125 0.5749315525 0.8499303075 0.57382675375 0.8656092525 0.56258493375 0.9307518924999999 0.56057809 0.97229606625 0.5566998525 0.9872921875 0.54888495 1 0.5222882624999999 1 0.513414995
0 0.9765790387500001 0.49012985625 0.9759537412500001 0.48418054750000006 0.971169235 0.47110845875 0.9420011875000001 0.4496911375 0.9273264849999999 0.44536113499999996 0.8883396575 0.44740434874999996 0.86037446125 0.43272276499999995 0.84793149125 0.422326835 0.8449328524999999 0.42712685375 0.8660334875 0.4596213825 0.89395426625 0.47345542 0.92384027875 0.47613844875 0.9559099125 0.48805534875 0.96964610875 0.49085853625 0.9765790387500001 0.49012985625