0 0.076171875 0.4404296875 0.0693359375 0.435546875 0.0595703125 0.435546875 0.0537109375 0.443359375 0.046875 0.4462890625 0.044921875 0.4580078125 0.0693359375 0.484375 0.08203125 0.4853515625 0.083984375 0.4814453125 0.072265625 0.4697265625 0.072265625 0.4482421875 0.076171875 0.4404296875
0 0.1298828125 0.453125 0.1240234375 0.453125 0.123046875 0.4619140625 0.115234375 0.4658203125 0.115234375 0.4736328125 0.125 0.4736328125 0.1376953125 0.470703125 0.1484375 0.4619140625 0.1376953125 0.4609375 0.1298828125 0.453125
0 0.25390625 0.4287109375 0.2431640625 0.416015625 0.2158203125 0.41796875 0.2119140625 0.412109375 0.2080078125 0.412109375 0.20703125 0.4169921875 0.21484375 0.4326171875 0.2177734375 0.435546875 0.22265625 0.4345703125 0.2294921875 0.427734375 0.2412109375 0.43359375 0.2509765625 0.43359375 0.25390625 0.4287109375
0 0.17578125 0.4267578125 0.17578125 0.4384765625 0.1669921875 0.44140625 0.1640625 0.4462890625 0.189453125 0.4462890625 0.197265625 0.4384765625 0.1953125 0.4287109375 0.1787109375 0.421875 0.17578125 0.4267578125
0 0.3134765625 0.427734375 0.310546875 0.4306640625 0.310546875 0.4384765625 0.3154296875 0.443359375 0.3291015625 0.44921875 0.333984375 0.4482421875 0.341796875 0.4423828125 0.3388671875 0.43359375 0.3212890625 0.427734375 0.3134765625 0.427734375
0 0.5068359375 0.5078125 0.4853515625 0.48046875 0.4755859375 0.4765625 0.46484375 0.4931640625 0.46484375 0.5009765625 0.474609375 0.5146484375 0.478515625 0.5380859375 0.4873046875 0.548828125 0.51171875 0.5498046875 0.51953125 0.5458984375 0.521484375 0.5166015625 0.5126953125 0.5078125 0.5068359375 0.5078125
0 0.5869140625 0.484375 0.5830078125 0.484375 0.580078125 0.4892578125 0.58203125 0.5009765625 0.568359375 0.5166015625 0.564453125 0.5302734375 0.5751953125 0.5390625 0.5859375 0.5419921875 0.587890625 0.5263671875 0.59765625 0.5205078125 0.59765625 0.4931640625 0.5869140625 0.484375
0 0.623046875 0.4755859375 0.623046875 0.4951171875 0.6298828125 0.50390625 0.640625 0.5048828125 0.640625 0.4658203125 0.6357421875 0.462890625 0.6328125 0.4697265625 0.623046875 0.4755859375
0 0.6826171875 0.53515625 0.6767578125 0.533203125 0.6708984375 0.525390625 0.6591796875 0.521484375 0.64453125 0.5419921875 0.6484375 0.5517578125 0.6923828125 0.591796875 0.7041015625 0.595703125 0.7109375 0.5947265625 0.72265625 0.5888671875 0.720703125 0.5732421875 0.7041015625 0.560546875 0.6826171875 0.53515625
0 0.8193359375 0.599609375 0.7861328125 0.6015625 0.7646484375 0.595703125 0.7578125 0.6005859375 0.7578125 0.6064453125 0.765625 0.6162109375 0.7802734375 0.626953125 0.802734375 0.6279296875 0.8154296875 0.623046875 0.8203125 0.6162109375 0.82421875 0.6044921875 0.8193359375 0.599609375
0 0.8603515625 0.59765625 0.8544921875 0.58984375 0.8505859375 0.58984375 0.84765625 0.5927734375 0.84765625 0.6123046875 0.8369140625 0.615234375 0.833984375 0.6201171875 0.8427734375 0.626953125 0.865234375 0.6279296875 0.8779296875 0.625 0.8828125 0.6142578125 0.8681640625 0.599609375 0.8603515625 0.59765625
0 0.9892578125 0.66796875 0.9736328125 0.66015625 0.9462890625 0.6640625 0.9404296875 0.658203125 0.9267578125 0.654296875 0.923828125 0.6474609375 0.9072265625 0.630859375 0.8857421875 0.6171875 0.8828125 0.6181640625 0.9365234375 0.669921875 0.9541015625 0.677734375 0.970703125 0.6767578125 0.9873046875 0.669921875 0.9970703125 0.669921875 0.998046875 0.6669921875 0.9892578125 0.66796875
0 0.743034405 0.465604795 0.743902315 0.45518982625 0.7308833699999999 0.4525860775 0.72103405 0.45229220750000004 0.723071985 0.46820852 0.7326192874999999 0.47254810124999996 0.73869475625 0.47601974124999996 0.743034405 0.465604795
0 0.07993453875 0.3953038025 0.08687801375 0.40485083250000004 0.0981611375 0.3953038025 0.09468939999999999 0.38922838875 0.087745925 0.38575674875 0.07993453875 0.3953038025
0 0.07993453875 0.41005832875000003 0.07472698 0.400511275 0.0655653 0.3991672075 0.06431176749999999 0.41352997 0.06951937375 0.4256807725 0.07472698 0.42307702375 0.07993453875 0.41005832875000003
0 0.78556307 0.5723581725 0.778619595 0.5810372862500001 0.78509655 0.5843234575 0.7977141037500001 0.58016939375 0.79858211 0.5697544 0.79077072375 0.56367901 0.78556307 0.5723581725
0 0.82028035 0.56107528625 0.8194715499999999 0.5741672075 0.8332992937500001 0.5723581725 0.8341673000000001 0.566282735 0.828091735 0.55760362125 0.82028035 0.56107528625
0 0.89134655 0.5452609575 0.9053376799999999 0.5480565675 0.9053376799999999 0.54024534625 0.89579037875 0.533302065 0.89134655 0.5452609575
0 0.97130050375 0.58190517875 0.9634891175 0.58016939375 0.94915905 0.5788547075 0.95480982125 0.5966597287500001 0.96609284875 0.60447095 0.97303632375 0.59579183625 0.97130050375 0.58190517875
0 0.9964704812499999 0.35277603 0.9921308325 0.34670064125000005 0.9796277999999999 0.34994845750000003 0.9843194475 0.37273803 0.9921308325 0.3788134425 0.9938667487499999 0.36839847374999996 0.9964704812499999 0.35277603