0 0.34288698250000005 0.36156887750000005 0.36009326 0.36337733 0.36038722125 0.36332385625 0.36552459625 0.35639063249999997 0.3655496675 0.35615209375 0.36376155125 0.34413346875 0.3587858875 0.33898101750000004 0.34663214750000004 0.33876887125000005 0.34140898125 0.34779578375 0.34288698250000005 0.36156887750000005
0 0.97517374625 0.577331025 0.97108536875 0.5872196275 0.9919296787499999 0.58941045375 0.99454934 0.57806346 0.996178695 0.5625611825 0.9943082875 0.5619959725 0.9858041887500001 0.567309925 0.9839812462499999 0.5752059537499999 0.97517374625 0.577331025
0 0.50579816625 0.481963275 0.5098694312500001 0.49349600625 0.53364851375 0.49599528875 0.53580378125 0.494186805 0.53606710125 0.49168147625 0.52984026625 0.4861003575 0.5316059825 0.46591813125000003 0.5211237587499999 0.45788320875 0.5139337275 0.44708580875000004 0.49998274000000004 0.44383158375 0.49722026375 0.44053939375 0.4993391225 0.41632072125 0.49469702624999995 0.399645225 0.49444452 0.3792864275 0.49029862375 0.37831935125 0.48717198125000005 0.3779907275 0.47394711875 0.3927456675 0.47044038875 0.38633785625 0.45464774875 0.3808888375 0.44696597 0.38733461625 0.44555339625 0.4034803975 0.450157525 0.4089673825 0.46226686 0.4100268125 0.47288768875000003 0.40485500375 0.47547359375 0.41016541625 0.4639699075 0.42542834 0.46730006625000003 0.43385437375 0.48606972 0.45176586999999996 0.49825499125 0.47520232125 0.50579816625 0.481963275
0 0.2701566025 0.38384293375 0.27249727125 0.38744724750000004 0.28262566625 0.3904279475 0.28526743625 0.39070560875 0.28853717625 0.37532269 0.300420445 0.35397506375 0.300940385 0.34902816125 0.29419959 0.33406682875 0.2874743875 0.33160174625000005 0.28873803124999997 0.325656765 0.2952286425 0.3146092325 0.30243726875 0.30992789625 0.30618630125 0.29911660375 0.30690536875 0.29227512499999997 0.30238929625 0.28092100375 0.304916585 0.2690310425 0.3029971325 0.2634450675 0.2796384225 0.2564088275 0.2596974025 0.26252619625 0.24846324875 0.27152986125 0.2343427975 0.28924039125 0.23084866375000002 0.3154231925 0.23342392625 0.33254012000000005 0.24512726625 0.35056168625 0.25575358375 0.3590339575 0.25959249125 0.37020590374999995 0.271482455 0.37273319375 0.2701566025 0.38384293375
0 0.8765553250000001 0.59082286375 0.86061093 0.59233986625 0.84922135125 0.6011460975 0.8504349525000001 0.61390161375 0.8648585362500001 0.63698417125 0.8806505950000001 0.640630055 0.8997838675 0.63880965375 0.91952394125 0.6433670087500001 0.93394879625 0.65293491375 0.9605223637500001 0.65491146125 0.96902519375 0.6631121625 0.9749472162499999 0.6644793674999999 0.974339145 0.67161626125 0.9752845225 0.67312918 0.97889244625 0.67350838875 0.9892188224999999 0.6287799375 0.98951064125 0.6260034675 0.9880099412500001 0.62591069125 0.9819368537500001 0.61619171875 0.96432185125 0.62044186375 0.9544518150000001 0.61816318625 0.9392690949999999 0.5938657575 0.9174039500000001 0.58050090125 0.9122423325 0.566833915 0.9023722949999999 0.5645552362499999 0.8987276824999999 0.56683264375 0.89842301125 0.5771584175000001 0.88202288 0.58064942875 0.8765553250000001 0.59082286375
0 0.7278605075 0.45309822375000003 0.71789 0.45615690875 0.71704756875 0.46012022874999997 0.72371056625 0.46775007125 0.7216044925 0.47765837125 0.7131944275 0.48311993125 0.6921141787499999 0.4848527625 0.65728672125 0.4733075725 0.64936007875 0.471622715 0.645755765 0.47396338374999997 0.64251046125 0.4794871475 0.64442991375 0.48507312375 0.65589866125 0.48958207375 0.6726423475 0.5179953625 0.68681077125 0.52929172375 0.6892136462499999 0.52773127875 0.6962978575 0.53337946 0.71215114375 0.5367491775 0.718392925 0.54636068 0.74499694 0.54787315375 0.77476982 0.58319827 0.7921029575 0.59480241125 0.81831942125 0.5975578724999999 0.82473765 0.56736248375 0.8261001837499999 0.55439883875 0.82480898875 0.55241057375 0.8113585799999999 0.54748040625 0.8011534775 0.53702647625 0.7635019275 0.52902339375 0.7544982625 0.5177892374999999 0.7566043375 0.50788093625 0.7650766087499999 0.49725461875 0.7688675425 0.479419675 0.7669480875000001 0.47383369999999997 0.7610031075000001 0.47257005625 0.7498311612499999 0.4764089625 0.7431681625000001 0.46877912 0.73722318125 0.46751547625 0.7278605075 0.45309822375000003
0 0.85339908125 0.47732605874999995 0.8576641375 0.49090655624999996 0.897584935 0.4735953175 0.93079991875 0.45513230374999997 0.93136364625 0.44976878625 0.92805968875 0.43000745 0.9020810162499999 0.42235076125 0.8746052675 0.44888329749999994 0.85363476 0.46382412125 0.85339908125 0.47732605874999995
0 0.9159171937499999 0.55381353125 0.92203948375 0.5384822675000001 0.9229526124999999 0.5297944274999999 0.9193541999999999 0.51876749375 0.90290322375 0.51656804375 0.8960991375 0.55214739 0.9013426787500001 0.56354986625 0.9036337324999999 0.56379066625 0.9159171937499999 0.55381353125
0 1 0.43780428875 0.99802143375 0.42975024375 0.9541151487499999 0.43812546625000004 0.9501731637499999 0.44029878375000003 0.94504136875 0.45125244625 0.96608755125 0.45346448875 0.9875064062500001 0.45281854000000005 1 0.44482834375 1 0.43780428875
0 0.55260238625 0.49924430625 0.5715129875 0.50123189125 0.571819645 0.498314245 0.56642798375 0.4911560775 0.5575378675 0.48947461 0.55260238625 0.49924430625
0 0.28887077625 0.40868073000000005 0.29110049 0.4089150825 0.30754132875 0.40833061375 0.31360935875 0.39590944499999997 0.3137656875 0.39442207500000004 0.30819203125 0.38361868250000003 0.30064087125 0.38017287125000004 0.29177948125000003 0.38289123375 0.28185554125 0.39095790625 0.28887077625 0.40868073000000005