0 0.8650192074999999 0.30461825125 0.85861141625 0.30308756875 0.85464218 0.305526125 0.852346155 0.31513781 0.84138536125 0.32132498374999996 0.83872618875 0.32678585875000005 0.843447125 0.38074640625 0.8490267275 0.38900152499999996 0.85793479375 0.38869044875000003 0.8587012625 0.3877770075 0.8572486662500001 0.3711737625 0.86992171875 0.36065420375 0.87542163625 0.35180785625 0.89825109875 0.3498105375 0.9182788574999999 0.33969317125000004 0.93073129125 0.3386037225 0.93262512125 0.33634674375 0.9392144874999999 0.33995283125 0.9597869674999999 0.3360616825 0.9607684999999999 0.33489193875 0.960632665 0.331002165 0.9603707375 0.33078238125 0.959462865 0.32040535124999997 0.95138185875 0.31170153625 0.93856627625 0.3086401725 0.9289936324999999 0.29483863 0.91599647625 0.28970186125 0.89939323 0.291154455 0.8933485874999999 0.293774585 0.8799101962500001 0.30749804125 0.87444932 0.30483886875 0.8735414475000001 0.2944618425 0.8677174212500001 0.2876518575 0.86785995375 0.30123278124999997 0.8650192074999999 0.30461825125
0 0.36567981625 0.41580451125 0.36432819 0.42634112875 0.38071442 0.436681605 0.39110571375 0.435954975 0.3976664925 0.4435369925 0.41693092249999997 0.44286426375 0.41870437625 0.44237877124999997 0.421603775 0.439043395 0.41879888625 0.42879742875 0.42266475 0.42435026 0.42387105374999995 0.4117353825 0.42555659125 0.40979639375 0.42528994500000006 0.40216066125 0.42318811875 0.37210314625 0.41385780375000003 0.35813664125 0.41119824 0.34996893375 0.39756608374999997 0.33421482249999995 0.3946158675 0.3218905975 0.38920223375 0.319136525 0.38064936250000003 0.33122091249999996 0.375577195 0.34828295875000004 0.37360056999999997 0.37974748750000004 0.37166763750000004 0.38197107125 0.37268491750000005 0.39651888125 0.37075198625 0.398742465 0.3711879625 0.40497724124999995 0.36567981625 0.41580451125
0 0.12880660875 0.445421215 0.1331161525 0.4494399275 0.1457539525 0.45316781375 0.15716895125 0.45172689 0.16104225125 0.44325322 0.16231759499999998 0.42903340125 0.16221943875 0.4262225925 0.1571557275 0.42150060625 0.14882747125 0.42179143625000004 0.14243586375 0.41784542874999997 0.1279341225 0.42043644375 0.11982398625 0.42697346625 0.11565985875000001 0.42711888000000003 0.105031415 0.42123622374999997 0.10000802375 0.42662315375 0.09419807375 0.43933366 0.09441619625 0.44557985250000004 0.09973041625000001 0.44852118124999996 0.11825087249999999 0.4416206225 0.12464248 0.44556662875 0.12880660875 0.445421215
0 0 0.48929958999999995 0.01093331625 0.48929958999999995 0.01197498375 0.49450792374999997 0.0144119775 0.49694491625 0.01748604875 0.4968375675 0.0182249825 0.49659125625 0.0182249825 0.49034125625 0.02655831625 0.48200792375 0.02655831625 0.4812812275 0.026358458749999997 0.47555806625 0.02030831625 0.46950792375 0.01822498375 0.45284125625 0.014058316250000001 0.44450792499999997 0.006766648750000001 0.43721625750000004 0 0.43818292 0 0.48929958999999995
0 0.3348541775 0.4721067225 0.3561744625 0.486467585 0.38165087124999997 0.499129795 0.38227283125 0.499108075 0.39094920125 0.49328450125 0.3908222875 0.48965016375 0.37456896875 0.47242228124999996 0.36265718 0.46385191249999996 0.337072835 0.446618895 0.31349886625 0.44022238125 0.3082879125 0.44040435125 0.308112345 0.46011043625 0.3348541775 0.4721067225
0 0.34094274375 0.5080559250000001 0.35126679875 0.5030775037499999 0.35121593375000004 0.501620905 0.34247481999999996 0.4972399925 0.31872168375 0.49422717624999996 0.3104416175 0.5003030375 0.31874517125 0.5079544425 0.3326383825 0.50834592 0.34094274375 0.5080559250000001
0 0.280859285 0.49514494249999996 0.282431435 0.49397353625 0.28410394125 0.4753449775 0.28473866999999997 0.46045218875000005 0.28442718 0.4515322975 0.2827695025 0.43303571124999996 0.28138143875 0.42339655125 0.26080694 0.41829452250000004 0.24027853624999998 0.41407297875 0.2309198275 0.40396864 0.215397575 0.39418732125 0.20032974374999998 0.4072277225 0.200340075 0.40752357625 0.22567542499999999 0.43867659125 0.24856466000000002 0.45425212000000004 0.2594499125 0.47663704125 0.27191159375 0.495407735 0.2720170275 0.49545372125 0.280859285 0.49514494249999996
0 0.1886969575 0.39646255375 0.178498165 0.38600821125 0.173861165 0.37340458374999996 0.1500838725 0.3553833925 0.1369649025 0.33615495125 0.10758542625 0.34079553124999995 0.0777906025 0.3533604425 0.07190771 0.36452984374999997 0.093089615 0.38153213874999997 0.118674055 0.39876516 0.14926081 0.40478263249999996 0.165415305 0.41787681 0.18071135125 0.41734266 0.18902679 0.40590770125 0.1886969575 0.39646255375
0 0.06719836124999999 0.39146011625 0.049374923749999994 0.38258322624999996 0.043257523750000006 0.38378672875 0.03810919875 0.40348034875000005 0.05541162625 0.40670907999999995 0.06475137 0.40638292875 0.0674855325 0.39968362125 0.06719836124999999 0.39146011625
0 0.86477457375 0.37374171124999994 0.85178419625 0.3825556125 0.85581296875 0.38814038125000005 0.8821758275 0.39159621875 0.90698205375 0.39072996625 0.91851687125 0.37856334375 0.9184152887499999 0.3756544075 0.9038854437499999 0.36707362625 0.89949268 0.367227025 0.88185522625 0.3696330325 0.8815494975 0.3686842 0.86477457375 0.37374171124999994
0 0.9437234750000001 0.35991788 0.951467405 0.35508051375 0.95138994375 0.3528623125 0.9427469675000001 0.34485738374999997 0.90655418625 0.34472640499999996 0.8908012162500001 0.35891012125000005 0.9154939725 0.36166519999999996 0.93213296125 0.36108415375 0.9437234750000001 0.35991788
0 0.9835470275 0.36053949625000004 0.9952386900000001 0.35492638249999997 0.9949595062500001 0.346931625 0.98443603375 0.33374998499999997 0.97450809125 0.33494283625 0.96339984 0.3550710875 0.97793588125 0.3607354425 0.9835470275 0.36053949625000004
0 0.96147178125 0.39628573875 0.961007515 0.39630195125 0.91354046375 0.4084052475 0.90654697 0.42215191500000004 0.90640547625 0.43276793249999995 0.9628203399999999 0.4305906875 0.97895995 0.43388132375 0.9947930587499999 0.4414463025 0.9957573325 0.44141262875000004 0.9945896987499999 0.40797597125 0.9911878550000001 0.40651097125 0.96147178125 0.39628573875