0 0.8228503475 0.43011070875 0.81458334875 0.426156025 0.80648521625 0.4345418875 0.80654407625 0.43510190000000004 0.8361642362499999 0.43198869625 0.83816715875 0.428867635 0.83675732375 0.41545395874999996 0.83266553125 0.405345475 0.82964587375 0.4084724225 0.82788311125 0.42489913125 0.8228503475 0.43011070875
0 0.12536224375 0.3287616225 0.12854141625 0.33172624874999995 0.14047143 0.32105749625 0.1542763325 0.330207825 0.16623288875 0.32895114 0.1629986825 0.32027082749999997 0.1569264025 0.322533305 0.12782626125 0.31124692875 0.12281370375 0.31449761375 0.12536224375 0.3287616225
0 1 0.491415715 0.9912616062499999 0.48476139625000003 0.98511781125 0.48497594374999997 0.9781288375 0.49034607625 0.9767960575 0.5108969125 0.97856363375 0.5125452025 0.981773545 0.5122078274999999 0.9938816625 0.50107333875 1 0.50387002 1 0.491415715
0 0.32713574624999997 0.32619771625 0.32643253625 0.31950712249999996 0.3174187775 0.31621664875 0.31092578374999996 0.32761865749999997 0.30687788125 0.3282597825 0.29366249125 0.31686719125 0.2923802425 0.30877138375 0.2827916175 0.30717798625 0.27853314375 0.3130392725 0.27779144250000004 0.32145564125 0.28173876750000004 0.33327878875000005 0.29571745625 0.34047947 0.31478682875 0.33847519875000004 0.31572480375 0.33826954625 0.31731820125 0.32868092125 0.32713574624999997 0.32619771625
0 0.83127655 0.365147545 0.82512900875 0.3528524625 0.82512900875 0.34055738124999996 0.80771097625 0.32518852875 0.79644048375 0.33440984 0.79644048375 0.35285246375 0.7984896650000001 0.35900000374999996 0.81078474625 0.37129508625 0.8148831062499999 0.3835901675 0.82553921625 0.39037132874999997 0.8281495975 0.39009696624999995 0.82922737 0.38973770875 0.83127655 0.365147545
0 0.936590785 0.50690164375 0.9423278949999999 0.50479874125 0.9420926887500001 0.49685117875 0.94043835875 0.4811112825 0.9355740375 0.47795235625 0.9151039812499999 0.48020844125000006 0.90817576125 0.47225375625 0.90483029375 0.4614425775 0.8928038875 0.46399887 0.8730600862500001 0.4598157025 0.86417598875 0.42294731124999996 0.8513604075000001 0.4267188275 0.8506970737499999 0.438382105 0.8448097124999999 0.4501083025 0.858240105 0.46401326875000004 0.9286602162500001 0.5045614574999999 0.9349716675 0.5070718200000001 0.936590785 0.50690164375
0 0.60649592875 0.42957868 0.60724869625 0.41713675375000003 0.6018876025000001 0.40533742125000005 0.59625722 0.40077803 0.57630607 0.40699591375 0.57271364125 0.402222325 0.571428455 0.3899945975 0.56394005 0.383930605 0.56337693 0.38398979125 0.55437205 0.40415010375 0.55801341 0.4387953325 0.5633745062500001 0.4505946675 0.5775300125 0.46765107375 0.5783868037500001 0.47580289125 0.58830729125 0.48197184375 0.602572975 0.48047245875 0.61215587375 0.48318440125 0.61911037875 0.48245345375 0.6283687050000001 0.48085192125 0.62845622375 0.478498935 0.6269954725 0.46460081625 0.61292801125 0.451567785 0.60649592875 0.42957868
0 0.7019076662499999 0.42001410875 0.7031928525 0.4322418375 0.71128958375 0.44066294125 0.7403679099999999 0.45713992 0.7566100425000001 0.4554328025 0.7811870949999999 0.41291102375 0.77932999875 0.39524192625 0.7561858287500001 0.3875231625 0.7565102025 0.3710053275 0.7635910325 0.35995876250000003 0.76139396875 0.34885711125 0.75731805875 0.34928550625 0.7491111524999999 0.3594201925 0.7444966712500001 0.37432846875000003 0.73355413 0.38784138 0.73280136 0.40028330500000003 0.724594455 0.4104179925 0.720518545 0.4108463875 0.71671192125 0.4040348425 0.711509935 0.40355136125 0.7019076662499999 0.42001410875
0 0.9808385762499999 0.3068049725 0.9808385762499999 0.3034458025 0.97805002625 0.2769145275 0.97367845 0.2742916275 0.9518235749999999 0.28339760875 0.967304085 0.30980495125 0.97537960875 0.31303508625 0.9767834325 0.31288753875 0.9808385762499999 0.3068049725
0 0.64363444125 0.47947326500000004 0.645858765 0.479642085 0.65218727625 0.47897693125 0.655114835 0.46905244375000005 0.65395985625 0.4580635525 0.64989802125 0.45009765875 0.6443422425 0.4475582025 0.6318556212499999 0.45528349 0.6324594275 0.47257431125 0.64363444125 0.47947326500000004
0 0.8652919649999999 0.4170618625 0.87859977 0.43302788999999997 0.8888303012500001 0.42361815 0.9025190987499999 0.4388402575 0.9038177762499999 0.43870376125 0.91368181 0.42983364125 0.9131412 0.42469007 0.9097622912500001 0.41676647625 0.8912398324999999 0.4073798875 0.8801656625 0.40767720124999995 0.8652919649999999 0.4170618625