0 0.728515625 0.4970703125 0.724609375 0.4873046875 0.7265625 0.4775390625 0.7216796875 0.474609375 0.71484375 0.4970703125 0.70703125 0.5107421875 0.708984375 0.5302734375 0.7197265625 0.541015625 0.7421875 0.5400390625 0.74609375 0.5322265625 0.740234375 0.5166015625 0.740234375 0.5068359375 0.728515625 0.4970703125
0 0.826171875 0.5283203125 0.830078125 0.5048828125 0.8427734375 0.5 0.849609375 0.4912109375 0.8515625 0.4697265625 0.8447265625 0.462890625 0.8408203125 0.462890625 0.8388671875 0.466796875 0.8251953125 0.46484375 0.82421875 0.4814453125 0.8173828125 0.48046875 0.8037109375 0.5 0.7939453125 0.48828125 0.779296875 0.4951171875 0.76953125 0.5107421875 0.76953125 0.5166015625 0.7734375 0.5205078125 0.76953125 0.5361328125 0.783203125 0.5361328125 0.7998046875 0.51953125 0.8154296875 0.53125 0.8232421875 0.53125 0.826171875 0.5283203125
0 0.8642578125 0.44140625 0.859375 0.4462890625 0.859375 0.4560546875 0.85546875 0.4638671875 0.859375 0.4833984375 0.8662109375 0.48828125 0.869140625 0.4873046875 0.875 0.4814453125 0.875 0.4755859375 0.87109375 0.4501953125 0.8642578125 0.44140625
0 0.5556640625 0.423828125 0.5498046875 0.423828125 0.546875 0.4189453125 0.546875 0.4072265625 0.5380859375 0.40625 0.533203125 0.4130859375 0.53515625 0.4248046875 0.5458984375 0.43359375 0.556640625 0.4326171875 0.564453125 0.4287109375 0.564453125 0.4228515625 0.5595703125 0.419921875 0.5556640625 0.423828125
0 0.470703125 0.4169921875 0.4658203125 0.41015625 0.4501953125 0.40234375 0.4326171875 0.400390625 0.4267578125 0.396484375 0.427734375 0.4111328125 0.431640625 0.4189453125 0.4365234375 0.423828125 0.439453125 0.4228515625 0.4501953125 0.4140625 0.4638671875 0.421875 0.4697265625 0.421875 0.470703125 0.4169921875
0 0.2109375 0.3916015625 0.2109375 0.3974609375 0.2158203125 0.40234375 0.2275390625 0.41015625 0.23046875 0.4091796875 0.236328125 0.3994140625 0.2275390625 0.384765625 0.2216796875 0.384765625 0.2109375 0.3916015625
0 0.91796875 0.5595703125 0.908203125 0.5400390625 0.9033203125 0.53515625 0.896484375 0.5361328125 0.89453125 0.5166015625 0.8857421875 0.513671875 0.876953125 0.5302734375 0.8876953125 0.54296875 0.8935546875 0.544921875 0.9248046875 0.57421875 0.931640625 0.5732421875 0.93359375 0.5673828125 0.9267578125 0.560546875 0.9208984375 0.5625 0.91796875 0.5595703125
0 0.953125 0.5556640625 0.953125 0.5771484375 0.9560546875 0.580078125 0.962890625 0.5791015625 0.970703125 0.5732421875 0.970703125 0.5634765625 0.9560546875 0.552734375 0.953125 0.5556640625
0 0.3915220525 0.42307702375 0.38197155000000005 0.43744845750000005 0.41842794625 0.4360957175 0.422767595 0.4256807725 0.40714482375000005 0.41786955124999997 0.3915220525 0.42307702375
0 0.25352089 0.379681335 0.24744537375 0.39617169500000005 0.27174748875 0.40485083250000004 0.28216265375 0.40485083250000004 0.2691436625 0.38662466500000003 0.25352089 0.379681335
0 0.297785425 0.38402091624999996 0.31340819625 0.40311502375 0.3212195825 0.39443588625 0.31340819625 0.379681335 0.297785425 0.38402091624999996
0 0.988659095 0.4525860775 0.96956458625 0.43175616125 0.9515028 0.43979220750000003 0.966960855 0.46473688 0.9843194475 0.48296307125 0.99299874375 0.47254810124999996 0.988659095 0.4525860775