0 0.9375 0.5986328125 0.951171875 0.5986328125 0.9580078125 0.59765625 0.962890625 0.5927734375 0.9345703125 0.57421875 0.9375 0.5986328125
0 0.3955078125 0.466796875 0.3896484375 0.46875 0.38671875 0.4775390625 0.388671875 0.4873046875 0.4013671875 0.5 0.412109375 0.5009765625 0.419921875 0.4970703125 0.419921875 0.4912109375 0.4072265625 0.484375 0.3955078125 0.466796875
0 0.3837890625 0.4140625 0.376953125 0.4169921875 0.3681640625 0.4375 0.3642578125 0.4375 0.3583984375 0.427734375 0.345703125 0.4326171875 0.345703125 0.4443359375 0.3525390625 0.44921875 0.3603515625 0.44921875 0.36328125 0.4521484375 0.36328125 0.4619140625 0.3759765625 0.47265625 0.380859375 0.4716796875 0.384765625 0.4697265625 0.390625 0.4560546875 0.38671875 0.4169921875 0.3837890625 0.4140625
0 0.5751953125 0.484375 0.5908203125 0.5 0.59765625 0.4990234375 0.599609375 0.4814453125 0.5927734375 0.466796875 0.5771484375 0.46875 0.57421875 0.4599609375 0.5673828125 0.45703125 0.5546875 0.4697265625 0.5478515625 0.484375 0.5361328125 0.484375 0.5283203125 0.4921875 0.5185546875 0.490234375 0.515625 0.4931640625 0.5185546875 0.5 0.5244140625 0.5 0.53125 0.5048828125 0.53125 0.5107421875 0.5400390625 0.51953125 0.546875 0.5185546875 0.548828125 0.5009765625 0.5576171875 0.5 0.5654296875 0.484375 0.5751953125 0.484375
0 0.244140625 0.4345703125 0.2529296875 0.41015625 0.255859375 0.4111328125 0.2626953125 0.42578125 0.2763671875 0.42578125 0.279296875 0.4189453125 0.2705078125 0.408203125 0.2578125 0.4052734375 0.2578125 0.3955078125 0.2548828125 0.392578125 0.2333984375 0.3828125 0.2255859375 0.3828125 0.22265625 0.3857421875 0.2158203125 0.404296875 0.2109375 0.3994140625 0.2109375 0.3857421875 0.205078125 0.3720703125 0.1982421875 0.365234375 0.1884765625 0.365234375 0.17578125 0.3857421875 0.171875 0.4091796875 0.1865234375 0.423828125 0.2041015625 0.421875 0.2109375 0.4267578125 0.205078125 0.4306640625 0.203125 0.4365234375 0.205078125 0.4560546875 0.2138671875 0.45703125 0.2138671875 0.462890625 0.21875 0.4619140625 0.2236328125 0.45703125 0.2353515625 0.45703125 0.25 0.4501953125 0.244140625 0.4345703125
0 0.8798828125 0.591796875 0.8681640625 0.591796875 0.865234375 0.5849609375 0.85546875 0.5771484375 0.8515625 0.5673828125 0.8427734375 0.55859375 0.8349609375 0.556640625 0.828125 0.5634765625 0.8359375 0.5751953125 0.84375 0.5791015625 0.8505859375 0.59375 0.865234375 0.5947265625 0.865234375 0.6064453125 0.8583984375 0.611328125 0.8486328125 0.607421875 0.8134765625 0.609375 0.814453125 0.5927734375 0.8076171875 0.587890625 0.8017578125 0.59375 0.7958984375 0.59375 0.7841796875 0.583984375 0.779296875 0.5693359375 0.783203125 0.5634765625 0.7783203125 0.55859375 0.7685546875 0.568359375 0.7607421875 0.5703125 0.759765625 0.5654296875 0.763671875 0.5615234375 0.76171875 0.5556640625 0.7529296875 0.546875 0.7451171875 0.544921875 0.7255859375 0.53125 0.71875 0.5322265625 0.71875 0.5439453125 0.7216796875 0.546875 0.7314453125 0.546875 0.734375 0.5537109375 0.7216796875 0.560546875 0.7138671875 0.55859375 0.7021484375 0.5625 0.6884765625 0.560546875 0.685546875 0.5439453125 0.6650390625 0.529296875 0.6513671875 0.529296875 0.6220703125 0.513671875 0.578125 0.5166015625 0.576171875 0.5244140625 0.5791015625 0.52734375 0.5908203125 0.525390625 0.5947265625 0.529296875 0.6005859375 0.529296875 0.607421875 0.5341796875 0.6123046875 0.544921875 0.6240234375 0.548828125 0.6259765625 0.552734375 0.6376953125 0.55859375 0.6630859375 0.560546875 0.6787109375 0.56640625 0.6875 0.5810546875 0.7021484375 0.59375 0.7177734375 0.59375 0.7314453125 0.58984375 0.7490234375 0.58984375 0.7568359375 0.59375 0.7802734375 0.591796875 0.7900390625 0.595703125 0.8193359375 0.625 0.8291015625 0.62890625 0.841796875 0.6279296875 0.9033203125 0.61328125 0.916015625 0.6064453125 0.8955078125 0.6015625 0.8798828125 0.591796875
0 0.6727319337500001 0.47168018500000003 0.6831471474999999 0.465604795 0.6900906225 0.45518982625 0.6848829675 0.444774855 0.65971299 0.44564277124999996 0.6362788325 0.44390694 0.6421277999999999 0.4460422075 0.63888266 0.465604795 0.6440902187499999 0.47168018500000003 0.65103369375 0.4734160175 0.6727319337500001 0.47168018500000003
0 0.85065798125 0.4256807725 0.861073195 0.430888245 0.861941105 0.41786955124999997 0.86888458 0.40571874874999997 0.87322422875 0.39096422124999997 0.86322155 0.3882297075 0.848922065 0.39964335875 0.8341673000000001 0.4022471075 0.83243138375 0.40745458 0.85065798125 0.4256807725
0 0.7977141037500001 0.43002032874999996 0.78729898625 0.41266205375 0.7858778 0.40854220750000003 0.7638648299999999 0.42394494 0.76560065125 0.4360957175 0.78382724875 0.43869946624999995 0.7977141037500001 0.43002032874999996
0 0.81941243875 0.46300104750000004 0.8089972262499999 0.44651068875 0.80118584125 0.44390694 0.7942423650000001 0.45432190875000006 0.80552548875 0.46907643625 0.8159407012500001 0.47428393375 0.81941243875 0.46300104750000004
0 0.80118584125 0.51681168125 0.78035551125 0.50900046 0.77948760125 0.51941540625 0.7881668974999999 0.54198117875 0.80118584125 0.53937745375 0.8081293162500001 0.52896246 0.80118584125 0.51681168125
0 0.7395626675 0.51247212375 0.73609092875 0.49858551375 0.73175128125 0.49077429250000004 0.72133616375 0.49771757375 0.71873233625 0.5107362925000001 0.72220407375 0.52462290375 0.7326192874999999 0.5306982925 0.736958935 0.52375501125 0.7395626675 0.51247212375
0 0.61805223375 0.5142079575 0.6466940449999999 0.52375501125 0.667524375 0.5263587350000001 0.6701282025 0.52115123875 0.6727319337500001 0.505528795 0.6701282025 0.485566795 0.65103369375 0.47862349000000004 0.6155653 0.49213595750000005 0.6128446762499999 0.492510125 0.6128446762499999 0.5072646275 0.61805223375 0.5142079575
0 0.9148848875 0.5489245075 0.89926211625 0.53764162125 0.8949224675 0.5497924 0.9148848875 0.5714902325 0.9209604525 0.5688865074999999 0.92443219 0.56020734625 0.9148848875 0.5489245075
0 0.5460139425 0.43175616125 0.53559873 0.42828449625 0.52171178 0.43262407750000004 0.52171178 0.45345399375 0.5347308199999999 0.4569256575 0.5477497637500001 0.44564277124999996 0.5460139425 0.43175616125