0 0.9404296875 0.578125 0.9375 0.5751953125 0.9365234375 0.560546875 0.9248046875 0.55859375 0.9033203125 0.54296875 0.8935546875 0.544921875 0.888671875 0.5498046875 0.888671875 0.5576171875 0.8837890625 0.560546875 0.8583984375 0.564453125 0.8427734375 0.5625 0.8359375 0.5654296875 0.837890625 0.5693359375 0.833984375 0.5751953125 0.8408203125 0.578125 0.845703125 0.5908203125 0.8662109375 0.607421875 0.8876953125 0.607421875 0.8974609375 0.603515625 0.94140625 0.6064453125 0.962890625 0.6025390625 0.9609375 0.5830078125 0.9541015625 0.578125 0.9404296875 0.578125
0 0.8193359375 0.515625 0.814453125 0.5146484375 0.8125 0.5009765625 0.8095703125 0.498046875 0.798828125 0.4970703125 0.7958984375 0.484375 0.7685546875 0.484375 0.7626953125 0.4921875 0.7548828125 0.498046875 0.751953125 0.4970703125 0.7509765625 0.4453125 0.7373046875 0.458984375 0.7314453125 0.458984375 0.7255859375 0.455078125 0.7177734375 0.455078125 0.7060546875 0.443359375 0.7001953125 0.443359375 0.6953125 0.4482421875 0.6953125 0.4541015625 0.701171875 0.4619140625 0.701171875 0.4697265625 0.6982421875 0.47265625 0.6748046875 0.48046875 0.6669921875 0.4765625 0.6435546875 0.4765625 0.6357421875 0.484375 0.626953125 0.4853515625 0.6279296875 0.48828125 0.6357421875 0.486328125 0.6474609375 0.4921875 0.6591796875 0.505859375 0.6904296875 0.52734375 0.7060546875 0.525390625 0.7138671875 0.53125 0.7431640625 0.529296875 0.748046875 0.5322265625 0.7529296875 0.544921875 0.7646484375 0.546875 0.7841796875 0.55859375 0.7939453125 0.5625 0.8095703125 0.560546875 0.82421875 0.5634765625 0.828125 0.5615234375 0.830078125 0.5458984375 0.826171875 0.5244140625 0.8193359375 0.515625
0 0.486328125 0.4521484375 0.486328125 0.4404296875 0.494140625 0.4345703125 0.494140625 0.4169921875 0.484375 0.4052734375 0.4814453125 0.392578125 0.4619140625 0.390625 0.4560546875 0.384765625 0.4404296875 0.39453125 0.4248046875 0.37890625 0.4091796875 0.373046875 0.3916015625 0.359375 0.3720703125 0.36328125 0.3466796875 0.36328125 0.34375 0.3603515625 0.345703125 0.3564453125 0.341796875 0.3466796875 0.328125 0.3427734375 0.328125 0.3310546875 0.3251953125 0.328125 0.2705078125 0.330078125 0.263671875 0.3251953125 0.265625 0.2998046875 0.26953125 0.2939453125 0.267578125 0.2880859375 0.28125 0.2744140625 0.283203125 0.2529296875 0.2919921875 0.251953125 0.296875 0.2412109375 0.2861328125 0.232421875 0.2705078125 0.228515625 0.267578125 0.2314453125 0.263671875 0.2587890625 0.2578125 0.2666015625 0.24609375 0.3017578125 0.2275390625 0.310546875 0.216796875 0.3251953125 0.216796875 0.3642578125 0.21875 0.3720703125 0.232421875 0.3837890625 0.232421875 0.3876953125 0.2353515625 0.390625 0.2666015625 0.390625 0.2763671875 0.388671875 0.2861328125 0.376953125 0.2939453125 0.376953125 0.2978515625 0.390625 0.3388671875 0.3984375 0.3447265625 0.404296875 0.3623046875 0.408203125 0.3798828125 0.419921875 0.4033203125 0.419921875 0.4248046875 0.412109375 0.4365234375 0.412109375 0.4404296875 0.423828125 0.455078125 0.4248046875 0.455078125 0.4365234375 0.458984375 0.4443359375 0.478515625 0.4619140625 0.484375 0.4736328125 0.5048828125 0.490234375 0.513671875 0.4892578125 0.517578125 0.4853515625 0.513671875 0.4716796875 0.5068359375 0.462890625 0.486328125 0.4521484375
0 0.84631833375 0.49771757375 0.8584693675 0.5116041837499999 0.90967732875 0.52462290375 0.9140169775 0.506396735 0.9070735012500001 0.4899063525 0.88537526125 0.47862349000000004 0.86165905 0.46713595750000003 0.862809015 0.47081226875 0.83937485875 0.47428393375 0.84631833375 0.49771757375
0 0.8098651375 0.50292507125 0.8168086125 0.5098684 0.828091735 0.5298304 0.8341673000000001 0.55239612375 0.8341673000000001 0.57062234 0.84111068 0.57062234 0.85412972 0.55586778875 0.85412972 0.53503784875 0.8445824175 0.5116041837499999 0.8306955625000001 0.47601974124999996 0.81507279125 0.46820852 0.80205375125 0.48817051999999994 0.8098651375 0.50292507125
0 0.988659095 0.51247212375 0.966960855 0.50900046 0.96609284875 0.53677368125 0.98605536375 0.53937745375 0.9973384862499999 0.53243412375 0.988659095 0.51247212375
0 0.9348473075 0.41005832875000003 0.9478663462500001 0.42307702375 0.9556777325 0.42394494 0.9704325925 0.40311502375 0.9643570275000001 0.38922838875 0.9443946087499999 0.39703961125 0.9348473075 0.41005832875000003
0 0.9652248425000001 0.5914522325 0.9574135537499999 0.6053388900000001 0.98692327375 0.63571583625 0.9982063975 0.64526289 0.99733839125 0.6209613325 0.9652248425000001 0.5914522325
0 0.51042875375 0.40311502375 0.5173721325 0.40137919125000004 0.528655255 0.3987754425 0.53299490375 0.40137919125000004 0.541674295 0.4022471075 0.54427802625 0.39356797 0.5382025575 0.3814171675 0.5312590825 0.3848888325 0.5234476975 0.3918321375 0.5155653 0.3882297075 0.51476840125 0.38575674875 0.5078249262500001 0.39443588625 0.51042875375 0.40311502375
0 0.69269435375 0.42481285625 0.6848829675 0.4152658025 0.6640526375 0.406586665 0.6577527999999999 0.41244845750000003 0.6770715825000001 0.4360957175 0.6900906225 0.43869946624999995 0.69269435375 0.43349199374999997 0.69269435375 0.42481285625
0 0.8879789925 0.43435991 0.898394205 0.43869946624999995 0.9009980325 0.430888245 0.897526295 0.41179413750000005 0.882771435 0.40745458 0.87496004875 0.40311502375 0.8718153 0.40854220750000003 0.87062040125 0.41786955124999997 0.87756387625 0.42394494 0.883639345 0.43262407750000004 0.8879789925 0.43435991