0 0.04573869125 0.378728245 0.05031291125 0.37066471624999997 0.04333869125 0.36510967875 0.032988054999999995 0.364567225 0.02634370875 0.3725222625 0.01893552625 0.37524773625 0.01621445375 0.38756001124999995 0.039723115 0.415778585 0.05298359125 0.41740676625 0.053689746249999996 0.41165559 0.0445452925 0.40149964875 0.04573869125 0.378728245
0 0.09958902875 0.39084390999999996 0.0979043575 0.40007724250000004 0.08934347625 0.40363466875 0.08877763 0.41172662375 0.0921943375 0.4121461425 0.0991046575 0.41262935874999995 0.11276303374999999 0.4104674 0.122706675 0.40342967 0.12292450875 0.40165556 0.11348604999999999 0.40012780625 0.10579278625 0.39127771875 0.09958902875 0.39084390999999996
0 0.2308056325 0.36640642749999996 0.20171535375000002 0.36695768375 0.19790057125000002 0.36053031875 0.19376031625 0.3603133375 0.192454025 0.36543441125000004 0.19986661000000003 0.38242939625 0.20126104125000002 0.38397807 0.20815907 0.38482504125 0.2156637925 0.3780677575 0.22775908625 0.384929085 0.23810972249999998 0.38547153875 0.2398293625 0.3829185875 0.24031979125 0.37892436875 0.2308056325 0.36640642749999996
0 0.1485086725 0.38466628875 0.147517365 0.38619488625000004 0.17353386499999998 0.38938931125000004 0.17923730249999997 0.38407077125 0.17997357874999997 0.37807428000000004 0.17901865125 0.37224921250000004 0.16166236250000002 0.364383305 0.15837394 0.36945405125 0.15793986625 0.38188428625 0.1485086725 0.38466628875
0 0.30314646875 0.38869593874999997 0.299729025 0.39146333 0.29886228875 0.39970978125 0.30347460875 0.40540552249999995 0.3148858975 0.4117827075 0.322046395 0.41266190625 0.32251821875 0.41261805375 0.32992070875 0.408193035 0.33052551125 0.40326732374999996 0.32929738125 0.39769767 0.31139292125 0.389562675 0.30314646875 0.38869593874999997
0 0.5078400275 0.5079463 0.5019730775 0.49956742499999995 0.4958486525 0.49848752249999995 0.4784319625 0.4659472275 0.46894452000000003 0.46006444 0.45465668375 0.4754371625 0.45321681374999995 0.483603065 0.4609044225 0.49969322875000005 0.46066776625000005 0.52491086875 0.467874585 0.537758835 0.47961037124999994 0.54031563625 0.49629068875000004 0.54236372125 0.50209888125 0.5406360812500001 0.505549155 0.526603965 0.5078400275 0.5079463
0 0.580723385 0.482935795 0.57700553125 0.48770063999999996 0.57754726 0.50029837125 0.56112359125 0.51499008875 0.5552401375 0.52888744375 0.56541964125 0.5395357425 0.57414858625 0.54310775875 0.57651144875 0.54339788125 0.58043560375 0.5278039862499999 0.5903202025000001 0.52341056875 0.594045315 0.49307195875 0.5848384175 0.4834410575 0.580723385 0.482935795
0 0.623927835 0.50930304375 0.6278144925 0.5106560975 0.63511727875 0.51155276625 0.64153297125 0.48582083125 0.6433063687499999 0.4713776675 0.6404934387500001 0.4685682925 0.6357211125 0.47485592125 0.62415966 0.4783826175 0.619144695 0.49849654 0.623927835 0.50930304375
0 0.67766370875 0.549289445 0.6716491375 0.5466823537500001 0.66617658125 0.53788001875 0.6541474425 0.5326658325 0.636762295 0.55299414125 0.6399891 0.56368088375 0.6827496475 0.61008012875 0.6884636025 0.6125569175 0.703377285 0.6143880875 0.711793655 0.61106175 0.714042515 0.59274626125 0.6980308650000001 0.57812287125 0.67766370875 0.549289445
0 0.8143894500000001 0.6359775912500001 0.77925857 0.63251221375 0.75770950625 0.62280275375 0.74973273375 0.6267863775 0.7487598825 0.6329287175 0.75532825125 0.64446308625 0.7689005425000001 0.65815617125 0.77883361 0.6601751899999999 0.79550540875 0.66222223 0.8064031512500001 0.6598983837500001 0.81265676125 0.65354303125 0.81557518875 0.6479212087499999 0.81665825625 0.63910033375 0.8143894500000001 0.6359775912500001
0 0.87871745625 0.656769915 0.86605370375 0.641131485 0.8580239375 0.63820313625 0.85270583625 0.6293066325000001 0.84858261 0.628873265 0.8451651662499999 0.6316406575 0.8429983249999999 0.65225678125 0.83133443 0.6541574375 0.8277003 0.65898644375 0.83621916125 0.6671771649999999 0.837883995 0.66742566625 0.86218560125 0.67040952875 0.87354487125 0.6690158675000001 0.8781827612499999 0.66112465375 0.87871745625 0.656769915
0 0.9679093587500001 0.7201585162499999 0.9385965362500001 0.7197134362500001 0.9334270487499999 0.7125982462499999 0.91974348625 0.7062333662499999 0.91780731125 0.6985808775 0.9031604237499999 0.67842116625 0.8829084949999999 0.6605219175000001 0.87967518375 0.66105921625 0.9273864512500001 0.72423435875 0.9432407349999999 0.7345155 0.9627652587500001 0.7369128100000001 0.9737264262499999 0.7343055062499999 0.9748537937499999 0.72512383875 0.9679093587500001 0.7201585162499999
0 0.74224354 0.493221535 0.7449555175 0.49355452499999997 0.7509931537500001 0.4851275425 0.7513038799999999 0.48415762875 0.7525814325 0.4737527975 0.7415353450000001 0.4687630325 0.7314197625 0.46610755875000004 0.72972722375 0.48305409625 0.7385645425 0.48982136125 0.74224354 0.493221535
0 0.07855104375 0.32200232375 0.0779192625 0.319902535 0.07156748624999999 0.31465453 0.061209887500000004 0.322662685 0.0651816225 0.33200677375 0.0693624125 0.33252011000000004 0.07779239125 0.32818105125 0.07855104375 0.32200232375
0 0.05305548375 0.35214749625 0.058724595 0.3398793775 0.058962876250000004 0.33793873750000003 0.054308949999999995 0.32822994 0.044673093750000004 0.32629644874999997 0.042546654999999996 0.3414499875 0.046571873750000006 0.352390755 0.05119598125 0.35295852375000003 0.05305548375 0.35214749625
0 0.7951655775 0.59874954375 0.78835074 0.5924224875 0.78204172375 0.60111742125 0.7738973925 0.6096517325 0.7755008825 0.61064987875 0.7873426525 0.61210386625 0.79370956375 0.61060782 0.7951655775 0.59874954375
0 0.81801117 0.6045349999999999 0.83202555 0.60625575 0.8329382225 0.59882262625 0.8294600662499999 0.5913612650000001 0.82065549125 0.5935503087499999 0.81801117 0.6045349999999999
0 0.90601386375 0.5901526275 0.9107539275000001 0.59073463375 0.91168677625 0.5831371875 0.90307264625 0.57509691625 0.8968444525 0.5871202 0.90601386375 0.5901526275
0 0.956432075 0.6480590475 0.964721755 0.6565522525 0.96835308375 0.6569981224999999 0.9751071437500001 0.6512622625 0.9761375187500001 0.64287053375 0.97660110125 0.6360265174999999 0.9688142575 0.6326361362499999 0.9546926025000001 0.62852223375 0.9541613187500001 0.62845700125 0.956432075 0.6480590475