0 0.9812272937500001 0.43847926125000003 0.98133136125 0.44375471 0.9971787249999999 0.445420335 0.9988210750000001 0.42979442125 0.997569055 0.42749209875 0.9874805625 0.42825241374999995 0.9841638500000001 0.430843715 0.9834384375 0.43675172625 0.9812272937500001 0.43847926125000003
0 0.810590835 0.38249261625000003 0.8030936425 0.38656964625 0.79818775 0.39396338875 0.80077905 0.39728009999999997 0.80668706375 0.39800551375 0.81134107375 0.40200718875 0.8183242362500001 0.40274114875 0.82109438875 0.40277305124999996 0.8241692974999999 0.40215109 0.82596867625 0.40019000125 0.82714762625 0.38897304624999995 0.8261037312499999 0.38639639000000003 0.810590835 0.38249261625000003
0 0.72974480875 0.360969 0.7166476875 0.3548769 0.7028324087500001 0.34063561875 0.7013869812500001 0.34341997625 0.70437522125 0.34991984375 0.70375444875 0.3538392425 0.7103517024999999 0.36291958125 0.7097309312500001 0.36683898 0.71614105 0.37566175375 0.7205916425 0.37612953 0.72396309625 0.37210642374999997 0.7310723775 0.37030768375 0.73176208625 0.36374554375 0.72974480875 0.360969
0 0.9124748812500001 0.44280202875 0.9137242612500001 0.44293334375 0.9157455175 0.44274103625 0.9309145700000001 0.44318861 0.9358229712499999 0.43515837500000004 0.93939238125 0.43292796125000005 0.9487616112499999 0.4320365425 0.9524802112499999 0.4247497775 0.9502497975 0.42118037 0.9478701925 0.4226673125 0.94207036875 0.4213283175 0.93493155375 0.42578914625000003 0.9224392475000001 0.42697770375 0.91173102125 0.43366894500000003 0.9103920275 0.43946876625000003 0.9124748812500001 0.44280202875
0 0.410088025 0.45294415375 0.41593104625000005 0.45407991875 0.42258596875000004 0.4614372975 0.435718195 0.47061977374999997 0.45138264375 0.47226617374999996 0.45171114 0.46914073125 0.4486628975 0.46246361 0.43459587 0.45164420375 0.42875284999999996 0.45050843625 0.4217193375 0.4450987325 0.400294935 0.44093425125 0.3971567675 0.43628173 0.3913137475 0.43514596125 0.38233256125 0.4293576675 0.37922175750000003 0.42976362125 0.37913048000000005 0.4302332 0.3787375575 0.43397160999999995 0.385904045 0.442179475 0.40305451249999996 0.44753445 0.410088025 0.45294415375
0 0.23416131 0.38334523 0.24341329875 0.39510475874999995 0.25334154999999997 0.39614826000000003 0.25849681875 0.394097765 0.2585934225 0.39317864 0.25586137125 0.39100039875 0.2525142025 0.37811821625 0.24410885000000002 0.36517510875 0.23064531375000002 0.3521710775 0.2264731 0.34317043249999996 0.22300408375 0.34040461625 0.1993023325 0.33739510875 0.18736704125 0.32674436874999996 0.17530990500000002 0.32620999875 0.16991394375 0.32806416 0.16952906875 0.33172600125 0.16847978000000002 0.34402852 0.17077214875 0.3475584575 0.23416131 0.38334523
0 0.55348461625 0.37527080875 0.54146736125 0.3966235925 0.54315604125 0.39886454625 0.5429117625 0.41485922375 0.5491142099999999 0.42775268 0.56207137875 0.44960995125 0.57754564125 0.46781372625 0.57952638875 0.47510479375000003 0.5922844162500001 0.482048005 0.6207236850000001 0.4850370925 0.6209754762499999 0.4850494325 0.6214315899999999 0.4807098025 0.6117918800000001 0.47362853375 0.6058815 0.46578519375 0.60643377375 0.4618555575 0.6007836000000001 0.44503247 0.60606206125 0.421730795 0.60378925125 0.409389615 0.59760273125 0.40351109125 0.59562198375 0.39622002375 0.58436942625 0.38361863625 0.572856655 0.379996995 0.57116797375 0.37775604125 0.5633087050000001 0.37665149375 0.56106775125 0.3783401725 0.55348461625 0.37527080875
0 0.88997112875 0.379204805 0.8815537050000001 0.38554779000000006 0.881448845 0.38654546625 0.88161776625 0.38676963125 0.8944599175000001 0.38811939500000003 0.89700198875 0.38620380750000005 0.8978304 0.38030935374999997 0.8998615525 0.37877877125 0.9009769824999999 0.36816616500000005 0.8989190175 0.36543515374999996 0.89359276875 0.3676920375 0.88997112875 0.379204805
0 0.35598537874999997 0.42098281625 0.3850422375 0.4343296875 0.40283462125 0.44579652000000003 0.4113366925 0.44669012375 0.41152185125 0.44492845625 0.38859039500000003 0.42047722375 0.3713476825 0.39916174875000004 0.35680767750000003 0.39034749375 0.33109432375 0.386204745 0.304373265 0.37844445125 0.2794610275 0.37018030625000004 0.26579165374999997 0.3700895225 0.26304470375 0.37982060625 0.25963365374999997 0.388567205 0.26659479125 0.39676367999999995 0.315594995 0.41313172125000003 0.34494909625 0.42054842875 0.35598537874999997 0.42098281625
0 0.85291026125 0.419960805 0.8487591062500001 0.42886966625 0.8712087900000001 0.4372079025 0.886287825 0.43879277375000003 0.8954582012500001 0.43464113625 0.8998021275000001 0.42717802374999997 0.9011009175 0.41482086500000004 0.89725635875 0.40445361625 0.88271117125 0.39728067375000004 0.86990255125 0.39990599250000003 0.85291026125 0.419960805
0 0.8163920387500001 0.36734527749999996 0.82306267875 0.36804639 0.8246008374999999 0.3534117975 0.8239966074999999 0.35208995125000003 0.8123062775 0.35000127625 0.8163920387500001 0.36734527749999996