0 0.81758381625 0.421284825 0.8195965875 0.41841028874999997 0.8198421637500001 0.40767077999999995 0.81337491375 0.401323785 0.8050759712500001 0.40278711125 0.7992843399999999 0.4110584225 0.80046438875 0.41945490874999997 0.8025958612499999 0.42339124499999997 0.81758381625 0.421284825
0 0.52610999 0.46177265624999997 0.5407763925 0.46023115124999997 0.5529071675 0.45471946625000004 0.5644842437500001 0.46409439874999997 0.5772756612500001 0.46486831 0.58306419875 0.46955577499999995 0.5859269874999999 0.49679338625 0.58940011 0.49960586375 0.59546549875 0.49685001749999996 0.603349235 0.5013172687499999 0.6072627875 0.50832015 0.6284350074999999 0.50821320625 0.6353335175 0.51379951125 0.65253648 0.5113817925 0.65661011 0.50419271125 0.6557292512499999 0.49581190625 0.65341383625 0.49393692125 0.65528882375 0.4916215075 0.6529734075 0.48974651999999996 0.65099147625 0.470889715 0.65286646375 0.46857430125 0.65204224125 0.45065498750000005 0.6562326425 0.45021455875 0.66946448875 0.4551788725 0.714401195 0.44939666125 0.7037616112499999 0.43886402375000005 0.6970355825 0.43533426625 0.68633936375 0.43434013875 0.6828662425 0.43152766 0.68176517 0.42105165749999995 0.6894853275 0.413885195 0.6911401012499999 0.40947457875 0.6898188125 0.396903375 0.67917923 0.3863707375 0.674768615 0.38471596625 0.66407239875 0.38372183875 0.6573463687500001 0.38019208125 0.631983745 0.380739455 0.62084709875 0.375554925 0.6101508812499999 0.37456079375 0.6043623425 0.36987333 0.5840773075 0.33811183499999997 0.57713106125 0.33248687625 0.5766906325 0.3282964775 0.56676833 0.31451093 0.56329520625 0.31169845125 0.55259899 0.31070432125 0.54543253 0.3029841625 0.54124212875 0.30342459125 0.53280469 0.31384396 0.531370135 0.32034977625000005 0.52105771 0.3330845575 0.49801050375 0.33550691875 0.493599885 0.33385214625000004 0.49172490125 0.33616756000000003 0.48543929875 0.336828205 0.47827283875 0.32910804624999995 0.47033246624999997 0.33417930375 0.4677402 0.33974762875000003 0.47115668875 0.35209861750000004 0.4622788225 0.35832758624999994 0.45599322125 0.35898822625 0.45318074125 0.36246135 0.4540615975 0.37084215375 0.4512491175 0.37431527375 0.4405529025 0.37332114625 0.4394672025 0.3746618725 0.44063513 0.382972105 0.44975792625 0.39035960125 0.45107921375 0.402930805 0.45659090125 0.41506158125 0.45747175875 0.42344238124999994 0.459787175 0.4253173675 0.46176910374999997 0.44417417375 0.49082506375 0.44853448125 0.5070329675 0.46165938250000005 0.52026481625 0.46662370000000003 0.52610999 0.46177265624999997
0 0.494514005 0.4670392875 0.4911027925 0.46873518875000003 0.48606591375 0.4727067875 0.48783575625 0.485299875 0.49253129625 0.48463996000000004 0.49738356625 0.478800985 0.49865328124999997 0.4675814975 0.494514005 0.4670392875
0 0.47666787 0.48686941875 0.48112027875 0.48494369 0.47397785875 0.47125616000000004 0.46868117624999994 0.467658535 0.4641291475 0.46518318999999997 0.463443155 0.47340666875 0.46462198625 0.4817944875 0.47006816749999997 0.48779694625 0.47666787 0.48686941875
0 0.39873854999999997 0.49351232250000004 0.41327467375 0.500705425 0.43594173875000003 0.49025746624999994 0.43255127000000004 0.47939760875 0.43734451625 0.47864673875 0.42635618375 0.470538625 0.41205997000000005 0.47299864875 0.39699811875 0.48563318875 0.3978955875 0.49201900875 0.39873854999999997 0.49351232250000004
0 0.34865411 0.50890397375 0.34260111375 0.50882890625 0.3240745875 0.50440345 0.31635979 0.5046486250000001 0.31736358 0.51179096875 0.32010222374999997 0.5164469925 0.34349307500000004 0.5131596225 0.34865411 0.50890397375
0 0.8070933524999999 0.4953516425 0.8178690762499999 0.49824408624999994 0.82571112375 0.49714195875 0.8292123650000001 0.48354030625 0.81688400375 0.46266553375 0.81470320625 0.45738381875 0.8034546425000001 0.46058560875 0.80220390125 0.47674028999999996 0.8022944612499999 0.47738465875 0.8070933524999999 0.4953516425
0 0.76305108 0.5065255675 0.769536315 0.5062990975 0.79211440625 0.50312595375 0.79698537625 0.49449197624999996 0.78934125 0.4827049725 0.789257165 0.48029711124999996 0.7575626137499999 0.48743088999999995 0.7554728875000001 0.49451505625000003 0.75594533375 0.49787667874999997 0.76305108 0.5065255675
0 0.57940156 0.5393322175 0.57866071125 0.53465469 0.57192356125 0.52447994875 0.57167918875 0.525016415 0.57380175 0.54011921875 0.57940156 0.5393322175
0 0.5640043475000001 0.5225618875 0.5644119225 0.5225046062500001 0.57572888375 0.5154849625 0.57424472 0.49867433875000006 0.56908836 0.4808498475 0.5629471 0.47875907625 0.5600340887499999 0.4807212025 0.55838273625 0.49327858375 0.56038714625 0.5075407024999999 0.5640043475000001 0.5225618875
0 0.54546912375 0.55123048875 0.52950959375 0.50951199125 0.52936855625 0.5095318125 0.5268129575 0.520133315 0.53048222625 0.54624151875 0.54298443875 0.554548585 0.5454672500000001 0.5541996487499999 0.54546912375 0.55123048875
0 0.6817275137500001 0.528738095 0.7003365637500001 0.52612276375 0.7069016887499999 0.52467967375 0.714044125 0.514090815 0.7140435525 0.51408674125 0.6975077762499999 0.514233575 0.68295572625 0.51828942 0.6789624275 0.52493856875 0.6790486 0.52555171625 0.6817275137500001 0.528738095