0 0.822265625 0.4404296875 0.8203125 0.4560546875 0.8154296875 0.4609375 0.8076171875 0.45703125 0.798828125 0.4658203125 0.826171875 0.4658203125 0.830078125 0.4599609375 0.830078125 0.4501953125 0.8251953125 0.4375 0.822265625 0.4404296875
0 0.162109375 0.2822265625 0.1640625 0.2958984375 0.1669921875 0.298828125 0.1787109375 0.2890625 0.1923828125 0.298828125 0.203125 0.2978515625 0.2001953125 0.2890625 0.1943359375 0.291015625 0.1669921875 0.279296875 0.162109375 0.2822265625
0 0.9677734375 0.529296875 0.9619140625 0.529296875 0.955078125 0.5341796875 0.953125 0.5537109375 0.9560546875 0.556640625 0.9697265625 0.544921875 0.9931640625 0.556640625 1 0.5556640625 0.9990234375 0.544921875 0.9814453125 0.544921875 0.978515625 0.5380859375 0.9677734375 0.529296875
0 0.3466796875 0.302734375 0.3388671875 0.3125 0.3349609375 0.3125 0.32421875 0.2998046875 0.32421875 0.2919921875 0.3154296875 0.2890625 0.310546875 0.2939453125 0.30859375 0.3017578125 0.310546875 0.3134765625 0.3251953125 0.32421875 0.341796875 0.3232421875 0.3447265625 0.314453125 0.35546875 0.3134765625 0.35546875 0.3076171875 0.3466796875 0.302734375
0 0.8076171875 0.359375 0.796875 0.3681640625 0.796875 0.3857421875 0.798828125 0.3916015625 0.810546875 0.4033203125 0.814453125 0.4150390625 0.8251953125 0.421875 0.828125 0.4208984375 0.830078125 0.3974609375 0.82421875 0.3857421875 0.82421875 0.3740234375 0.8076171875 0.359375
0 0.890625 0.5107421875 0.8896484375 0.5 0.8779296875 0.5 0.8603515625 0.4921875 0.859375 0.4560546875 0.8466796875 0.45703125 0.84375 0.4677734375 0.8359375 0.4775390625 0.845703125 0.4931640625 0.9033203125 0.544921875 0.9091796875 0.548828125 0.916015625 0.5478515625 0.919921875 0.5263671875 0.9150390625 0.521484375 0.8955078125 0.51953125 0.890625 0.5107421875
0 0.611328125 0.4267578125 0.607421875 0.4150390625 0.6025390625 0.41015625 0.5830078125 0.4140625 0.580078125 0.4091796875 0.580078125 0.3974609375 0.5732421875 0.390625 0.5625 0.4091796875 0.5625 0.4423828125 0.56640625 0.4541015625 0.578125 0.4716796875 0.578125 0.4794921875 0.5869140625 0.486328125 0.6005859375 0.486328125 0.6103515625 0.490234375 0.625 0.4892578125 0.626953125 0.4755859375 0.61328125 0.4599609375 0.609375 0.4384765625 0.611328125 0.4267578125
0 0.7578125 0.3974609375 0.765625 0.3876953125 0.7646484375 0.376953125 0.7607421875 0.376953125 0.751953125 0.3857421875 0.74609375 0.3994140625 0.734375 0.4111328125 0.732421875 0.4228515625 0.7236328125 0.431640625 0.7197265625 0.431640625 0.716796875 0.4248046875 0.7119140625 0.423828125 0.701171875 0.4384765625 0.701171875 0.4501953125 0.7080078125 0.458984375 0.7353515625 0.478515625 0.748046875 0.4794921875 0.779296875 0.4365234375 0.77734375 0.4228515625 0.755859375 0.4130859375 0.7578125 0.3974609375
0 0.00616033125 0.3779455275 0.02091519125 0.37360594625 0.0278586675 0.36058725125 0.020047281250000003 0.34496480875 0.00355655125 0.3440968925 0.00268864125 0.3779455275 0.00616033125 0.3779455275
0 0.9843194475 0.33454983875000005 0.97130050375 0.3267386175 0.9504700775 0.335417755 0.9652249387499999 0.36058725125 0.973904235 0.3640588925 0.9843194475 0.34843644875 0.9843194475 0.33454983875000005
0 0.653637425 0.47515182625 0.64756195625 0.46213313125 0.6423543024999999 0.4595293825 0.63020326875 0.46647271125 0.63020326875 0.48296307125 0.64061848125 0.4899063525 0.64842986625 0.49077429250000004 0.653637425 0.47515182625
0 0.9009980325 0.4699443525 0.898394205 0.45779357374999996 0.882771435 0.44564277124999996 0.8723562225000001 0.44390694 0.85673345125 0.4499823525 0.8662807524999999 0.46734060374999997 0.87756387625 0.46039729875 0.8879789925 0.47775557375 0.9009980325 0.4699443525