0 0.3090374425 0.42333071125 0.30985312375 0.42242480625 0.30974940875 0.4216868425 0.30485068625 0.4172760125 0.29454840375 0.4118065475 0.29432574625 0.41183784 0.2915411325 0.41493046874999995 0.29496434125 0.42530855625 0.3090374425 0.42333071125
0 0.1457675875 0.4462767925 0.15497947375 0.44498214625000004 0.15617494625 0.444631655 0.16459422750000002 0.43072205875 0.16222927250000002 0.41389452374999997 0.15970024625 0.41212368125 0.1321198975 0.41904402374999994 0.12801151125000002 0.42491140625 0.13246926 0.43852568 0.1457675875 0.4462767925
0 0.5506493837499999 0.43825291624999996 0.5491103125 0.4369614825 0.5388426275 0.43582611875 0.52357970375 0.44732980375 0.50870789125 0.451681425 0.50721938375 0.457912665 0.510511575 0.4606751425 0.52042611625 0.45777406 0.53030269125 0.46606149125 0.5297350075 0.4711953325 0.53359488125 0.4688239675 0.53718775375 0.4707901975 0.5457204775000001 0.46959100125 0.55325798375 0.456814075 0.5506493837499999 0.43825291624999996
0 0.65461903875 0.50681880125 0.6621685662500001 0.501809545 0.6744804512499999 0.50233898 0.7055924962500001 0.526646375 0.7121415325 0.52572596875 0.71702479 0.5246706675 0.7237407437500001 0.5202145 0.72358299625 0.5190920675 0.715790295 0.5146165137500001 0.70993471 0.49186230625 0.67575058375 0.49605959 0.6684835975 0.48674613125 0.6478814887500001 0.48519345999999997 0.62869078375 0.47020003875 0.63172485 0.46166291625 0.62382279625 0.45548915375 0.61200471 0.45898137875000006 0.6000453525 0.4696349625 0.60329068 0.4794422175 0.63602776375 0.5050192312499999 0.6445648850000001 0.5080532975 0.65461903875 0.50681880125
0 0.80176558125 0.51893561875 0.7688982849999999 0.49849431625 0.75260204 0.49959813500000005 0.74622140375 0.50393418 0.74494994625 0.51862828125 0.750888135 0.52263363875 0.7807187837499999 0.51683514875 0.82597712125 0.54254681625 0.85945489 0.5378418225 0.9253962775 0.50728735125 0.9295804062499999 0.5028723875 0.92851780875 0.49531161249999994 0.92470696625 0.4878147575 0.9211440512500001 0.48541154124999997 0.9131892112500001 0.48695780624999996 0.90556506 0.500822895 0.8995989274999999 0.50198259375 0.88175642 0.4951315725 0.8634155875 0.5069520725000001 0.86211619 0.52681123125 0.85772426375 0.53076071 0.82551833875 0.5349570575 0.8175914400000001 0.531338265 0.8140564675 0.52376999125 0.8081182762500001 0.51976463125 0.80176558125 0.51893561875
0 0.24551765625000002 0.40739881875 0.233286915 0.41093597125000003 0.21841051875 0.40211733250000004 0.19153951500000002 0.40498469 0.18159294875 0.411837265 0.181920515 0.42474496500000003 0.21237698500000002 0.42387490875 0.22854971500000001 0.42251109625 0.24547420375 0.42649633375 0.25481194375 0.427164755 0.25835058875 0.42666742999999996 0.2585977125 0.41698843625000004 0.25851525625 0.41640173124999996 0.24551765625000002 0.40739881875
0 0.75595727625 0.49053552500000003 0.7593769575 0.48636746875 0.7580416112499999 0.47686598500000005 0.7534843275 0.46773590249999997 0.7329803375 0.45913410125 0.72147306625 0.47280599 0.74076213375 0.48524623125 0.75236469375 0.49104042875 0.75595727625 0.49053552500000003
0 0.8182206375 0.49074915625000004 0.82977373375 0.49530871125 0.841297325 0.49368917625000003 0.8463871224999999 0.49207690875 0.8492302687500001 0.48487324625 0.8502587724999999 0.477366875 0.8499098675000001 0.47488429125000003 0.8407244774999999 0.46936528375000003 0.828717355 0.46586415875 0.8164854149999999 0.47262524375 0.8182206375 0.49074915625000004
0 0.89803476875 0.46564786374999995 0.9123868525000001 0.46855078125 0.9174406075 0.4678405225 0.9164808474999999 0.4545722875 0.9160398125 0.45143416125 0.88605868625 0.42720910375000004 0.86497373 0.418006665 0.8512251562500001 0.42422990374999997 0.8808691012500001 0.45142904625 0.89803476875 0.46564786374999995
0 0.9559050587500001 0.486325895 0.94456852125 0.48524734125 0.93527079625 0.49467481375 0.94742463625 0.50149507625 0.96064414125 0.49963719625 0.96150619375 0.4905764225 0.9559050587500001 0.486325895
0 0.8716515825000001 0.31522790749999996 0.8713870162499999 0.3133454175 0.86753905625 0.30841358875 0.861218235 0.290505165 0.84549445125 0.294425545 0.8373400675 0.31876927875 0.86508961 0.3161501325 0.8716515825000001 0.31522790749999996
0 0.71430316875 0.42925823375 0.7005565174999999 0.42459337875000003 0.680427005 0.4248377075 0.6558448025 0.423319465 0.65600875625 0.42448604875 0.66488448 0.44094011625 0.7018561712499999 0.44543445499999995 0.71528418625 0.4437414075 0.7405548237499999 0.45483166375000006 0.752190495 0.45319637749999997 0.7515939425 0.44895168375 0.74324528375 0.4318865075 0.71430316875 0.42925823375