0 0.8027202187499999 0.40858993875000005 0.7939899512499999 0.40565780500000004 0.78640964375 0.41571721375000004 0.806903355 0.4132009025 0.8146526887500001 0.41211180375 0.81524006875 0.41089077625000003 0.8124299425 0.38800413125 0.8094773525 0.38268573125000005 0.8068483500000001 0.38617453375 0.8071018875 0.40277527 0.8027202187499999 0.40858993875000005
0 0.13154415249999998 0.31025603625 0.10142293625000001 0.3015058175 0.09668948999999999 0.30519917125 0.10049021500000001 0.31925591125 0.101141975 0.3197651225 0.10660997 0.31909373625 0.11494151875 0.31021981 0.12671924875 0.3166246275 0.13977176375 0.31502198 0.1393367125 0.31147877749999997 0.13742506000000002 0.30745917875 0.13154415249999998 0.31025603625
0 1 0.47967557624999996 0.9993181937500001 0.47412271375000004 0.9874107999999999 0.47495536 0.9838265875000001 0.4679808125 0.9720803125 0.4596672475 0.9650201475 0.4605341275 0.95888778625 0.46559603125000004 0.958269995 0.48628259749999997 0.9615669099999999 0.48914856 0.97508505125 0.47581726 1 0.48617052625 1 0.47967557624999996
0 0.29999173375 0.3070274725 0.29247473125 0.30335231375 0.28478766875 0.31406584625 0.2806746975 0.3142813975 0.26866348125 0.30150700625 0.26823237625 0.2932810625 0.25881652625 0.290681325 0.2539447525 0.29609198 0.25231937125000004 0.30442570125 0.25502251125000003 0.3166568375 0.26871697125 0.32563663249999997 0.2890376025 0.32314157250000003 0.29106490125 0.315799005 0.30089493375 0.31438345125 0.29999173375 0.3070274725
0 0.80307693 0.31725540875 0.7853059299999999 0.30211844 0.7741431887500001 0.31158158375 0.7744666474999999 0.33011253375000005 0.77663346125 0.3362535775 0.7892030662499999 0.34839190375 0.7935366949999999 0.36067399125 0.8021248925000001 0.3659309075 0.8081501175 0.3651911025 0.80910532625 0.350670415 0.8075117725 0.33769197 0.80329256875 0.32960937375 0.80307693 0.31725540875
0 0.9188802250000001 0.48509020625 0.91925888625 0.478532695 0.9171310812500001 0.4612031125 0.9143872125 0.45905937 0.8936966624999999 0.45952507750000005 0.88745741625 0.45095467999999994 0.8850551225 0.43983839375 0.8727913712500001 0.4413441925 0.8533918812500001 0.43542705750000005 0.8477270225 0.39773931249999994 0.83456677625 0.4003925725 0.832881155 0.412010795 0.825960155 0.42323445249999997 0.83818767625 0.43833128625 0.9051350612500001 0.4850926675 0.9078292125 0.4864471 0.9188802250000001 0.48509020625
0 0.5437693474999999 0.43585095125 0.56024190125 0.45084504000000003 0.56223467 0.45883759124999995 0.57029097125 0.46240344624999996 0.5849397887500001 0.4606047975 0.5869569225 0.46010187 0.58793945625 0.46023648500000003 0.61103434 0.45740079 0.61268093375 0.45687168 0.61119173 0.44238652125 0.59321923125 0.42988876374999996 0.5837428450000001 0.40890563125 0.5827518349999999 0.3964186125 0.5757664075000001 0.385426165 0.5695255837500001 0.38167630125 0.55054059 0.39065449625 0.54629790375 0.38640643750000003 0.54330875375 0.3744176125 0.53457160125 0.36916780000000005 0.5283146625 0.3908901625 0.5367839225000001 0.4248585075 0.5437693474999999 0.43585095125
0 0.6903218275 0.38048285375 0.6798194737500001 0.39649926625 0.6804661299999999 0.40883817875 0.68814882125 0.41771515125 0.7180173825 0.4367711475 0.72614800875 0.4369696725 0.73198860375 0.4362525375 0.76120164 0.39131542375 0.75953741 0.377761365 0.759160215 0.37584411875 0.7359999912499999 0.36674722375 0.7371942712499999 0.35018756375000004 0.7448813362500001 0.33947402875 0.74326032375 0.32821724500000005 0.7391473550000001 0.32843279625 0.7303781587500001 0.338171975 0.72496313125 0.352890705 0.7132708725000001 0.36587627375 0.71186104125 0.37832296499999996 0.70309184625 0.3880621425 0.69897887375 0.38827769375000004 0.69551693 0.38124165750000005 0.6903218275 0.38048285375
0 0.96232400125 0.2548842825 0.95097673625 0.24834262625 0.9291769025000001 0.25787552375 0.9451947012499999 0.28413783 0.952706065 0.28699127375 0.95500445625 0.2867090675 0.9644285324999999 0.2720243175 0.96232400125 0.2548842825
0 0.63242366375 0.45981206 0.63577684375 0.4467854975 0.63526392375 0.44260809875 0.62900106875 0.43131759125 0.62333216875 0.42896199125 0.6110624175 0.43715866124999997 0.61227526375 0.45450317875 0.62350702 0.46090688625 0.63242366375 0.45981206
0 0.84496548125 0.39176005375 0.8577709525 0.40826195 0.86837580125 0.39917026875 0.8819141825 0.41532521625 0.8823993287499999 0.4152656475 0.89393199375 0.40560123875000004 0.89367098875 0.40347552 0.88963873125 0.393023055 0.87136527375 0.38294619875 0.86023272375 0.38285640625 0.84496548125 0.39176005375