0 0.0791015625 0.515625 0.07421875 0.5205078125 0.07421875 0.5263671875 0.0771484375 0.529296875 0.0810546875 0.53125 0.0859375 0.5302734375 0.0927734375 0.529296875 0.095703125 0.5244140625 0.0927734375 0.515625 0.0791015625 0.515625
0 0.1357421875 0.48828125 0.1298828125 0.490234375 0.125 0.4951171875 0.125 0.4990234375 0.1279296875 0.501953125 0.13671875 0.5009765625 0.1552734375 0.5 0.162109375 0.4912109375 0.1572265625 0.48828125 0.1357421875 0.48828125
0 0.826171875 0.5263671875 0.830078125 0.5185546875 0.830078125 0.5048828125 0.8271484375 0.5 0.8232421875 0.498046875 0.8134765625 0.498046875 0.8046875 0.5029296875 0.806640625 0.5107421875 0.8017578125 0.513671875 0.7685546875 0.515625 0.765625 0.5185546875 0.7666015625 0.537109375 0.7744140625 0.537109375 0.7841796875 0.541015625 0.7861328125 0.5390625 0.7900390625 0.541015625 0.796875 0.5400390625 0.8017578125 0.533203125 0.8154296875 0.533203125 0.8212890625 0.53125 0.826171875 0.5263671875
0 0.8193359375 0.4375 0.8251953125 0.4375 0.828125 0.4345703125 0.8310546875 0.42578125 0.8369140625 0.427734375 0.84375 0.4248046875 0.84375 0.4169921875 0.8388671875 0.412109375 0.8291015625 0.4140625 0.8251953125 0.41015625 0.7939453125 0.408203125 0.7919921875 0.40625 0.7646484375 0.41796875 0.7548828125 0.41796875 0.7529296875 0.416015625 0.7490234375 0.421875 0.7373046875 0.421875 0.734375 0.4248046875 0.734375 0.4345703125 0.7373046875 0.4375 0.7490234375 0.4375 0.7509765625 0.44140625 0.7646484375 0.443359375 0.7685546875 0.447265625 0.7724609375 0.447265625 0.7763671875 0.451171875 0.7822265625 0.453125 0.791015625 0.4521484375 0.796875 0.4501953125 0.7978515625 0.44140625 0.8095703125 0.443359375 0.8193359375 0.4375
0 0.390625 0.4599609375 0.3984375 0.4521484375 0.3984375 0.4482421875 0.3916015625 0.4375 0.3818359375 0.4375 0.376953125 0.4345703125 0.376953125 0.4248046875 0.384765625 0.4189453125 0.38671875 0.4033203125 0.3837890625 0.400390625 0.3779296875 0.40234375 0.3642578125 0.40234375 0.359375 0.3955078125 0.359375 0.3896484375 0.3564453125 0.388671875 0.357421875 0.3916015625 0.3515625 0.3994140625 0.345703125 0.4169921875 0.34765625 0.4482421875 0.345703125 0.4501953125 0.34375 0.4658203125 0.3466796875 0.46875 0.3564453125 0.470703125 0.359375 0.4794921875 0.3642578125 0.484375 0.380859375 0.4853515625 0.3876953125 0.484375 0.390625 0.4814453125 0.388671875 0.4794921875 0.390625 0.4599609375
0 0.10985690625 0.4440983 0.14870718875 0.4449248875 0.19499688625 0.4407919525 0.19417026 0.43169952125 0.17515843125 0.42260711125 0.18838405375 0.40524883375000004 0.18507763624999998 0.39698298875 0.1553199775 0.395329815 0.1354815225 0.39615640125 0.12473573625 0.400289335 0.11729632125 0.4126880925 0.1255623175 0.42508684875 0.1181229025 0.43583245499999995 0.10985690625 0.4440983
0 0.22392791875 0.45649705625000003 0.22723433499999998 0.48046800625 0.24128653875 0.48294774375000005 0.239633375 0.45980340374999995 0.22392791875 0.45649705625000003
0 0.33882555875000003 0.5184908625 0.3181605225 0.4953465225 0.3107211075 0.4912136125 0.32146693875 0.47468192125 0.29749548625 0.466416075 0.28509644625 0.4763350725 0.27517724125 0.48129459249999995 0.27104419750000003 0.4837743525 0.284269865 0.50691869375 0.30410827375 0.5184908625 0.32146693875 0.527583295 0.33882555875000003 0.5184908625
0 0.57688687875 0.5895771475 0.56200805 0.57221884625 0.539689805 0.5713922825000001 0.53390355375 0.57469863 0.52067788625 0.58709736375 0.5372099699999999 0.59536323125 0.56035479625 0.5970164050000001 0.57688687875 0.5895771475
0 0.62152336875 0.580484715 0.6107775375 0.5647795875 0.60664453875 0.56395302375 0.59920512375 0.58131127875 0.60664453875 0.60445566375 0.6173903700000001 0.5937100575 0.62152336875 0.580484715
0 0.83230672875 0.6003227525 0.85297181 0.59040371125 0.91579354625 0.59949614375 0.9562970375000001 0.60280249 0.9720024475 0.59784296875 0.99266753 0.568912545 0.9794418625 0.55320741875 0.9314989575 0.54080863875 0.88603588625 0.5317162525 0.8496653937499999 0.52097064625 0.82321415125 0.5457681600000001 0.809988485 0.56725937125 0.79345649125 0.585444235 0.83230672875 0.6003227525
0 0.95299062 0.528409905 0.9753088649999999 0.53419599 0.9686960312499999 0.51270477875 0.9414182074999999 0.4903870025 0.92736595875 0.48542752749999996 0.88934230375 0.48542752749999996 0.86289106 0.4697224 0.8513186475000001 0.45897681749999997 0.84815742875 0.4634925775 0.86702405875 0.4961730875 0.8934753012500001 0.5110516037499999 0.9224063787500001 0.51518456125 0.95299062 0.528409905