0 0.296875 0.3916015625 0.2998046875 0.40234375 0.3125 0.4013671875 0.314453125 0.3994140625 0.3095703125 0.39453125 0.2998046875 0.388671875 0.296875 0.3916015625
0 0.1455078125 0.373046875 0.140625 0.3779296875 0.142578125 0.3916015625 0.1552734375 0.40234375 0.1640625 0.4013671875 0.177734375 0.3857421875 0.17578125 0.3740234375 0.1728515625 0.37109375 0.1455078125 0.373046875
0 0.5302734375 0.443359375 0.5146484375 0.453125 0.5 0.4560546875 0.498046875 0.4619140625 0.5009765625 0.46484375 0.5107421875 0.462890625 0.51953125 0.4716796875 0.5185546875 0.4765625 0.5224609375 0.474609375 0.5283203125 0.478515625 0.533203125 0.4775390625 0.54296875 0.4638671875 0.54296875 0.4482421875 0.5400390625 0.4453125 0.5302734375 0.443359375
0 0.6533203125 0.51953125 0.6474609375 0.509765625 0.6279296875 0.505859375 0.611328125 0.4892578125 0.615234375 0.4814453125 0.6083984375 0.474609375 0.5966796875 0.4765625 0.583984375 0.4853515625 0.5859375 0.4951171875 0.6142578125 0.5234375 0.6220703125 0.52734375 0.6318359375 0.52734375 0.6396484375 0.5234375 0.6513671875 0.525390625 0.6787109375 0.552734375 0.689453125 0.5517578125 0.697265625 0.5478515625 0.689453125 0.5419921875 0.6865234375 0.51953125 0.6533203125 0.51953125
0 0.8896484375 0.546875 0.8818359375 0.546875 0.8720703125 0.55859375 0.8662109375 0.55859375 0.8505859375 0.548828125 0.8310546875 0.556640625 0.826171875 0.5751953125 0.8212890625 0.578125 0.7900390625 0.576171875 0.783203125 0.5712890625 0.78125 0.5634765625 0.7763671875 0.55859375 0.7705078125 0.556640625 0.7431640625 0.53125 0.7275390625 0.529296875 0.720703125 0.5322265625 0.716796875 0.5458984375 0.7216796875 0.55078125 0.7509765625 0.55078125 0.7919921875 0.5859375 0.814453125 0.5869140625 0.8896484375 0.568359375 0.896484375 0.5634765625 0.892578125 0.5498046875 0.8896484375 0.546875
0 0.26393610375000004 0.39790752625000003 0.2656719725 0.38749258 0.25438884875 0.37707761125 0.24223781625000002 0.3788134425 0.22921882375 0.36839847374999996 0.20318088750000002 0.3675305575 0.192765675 0.37273803 0.19134654999999998 0.38510470750000003 0.22053947999999998 0.38836047375 0.23616225125 0.38922838875 0.2517850225 0.3953038025 0.26393610375000004 0.39790752625000003
0 0.73175128125 0.50379296375 0.7135247775000001 0.492510125 0.70050573875 0.50379296375 0.7169965150000001 0.51854751375 0.72914754875 0.5272266274999999 0.736958935 0.52028334625 0.73175128125 0.50379296375
0 0.81941243875 0.5341699575 0.82288417625 0.5254908425 0.81507279125 0.51767962125 0.80465757875 0.5116041837499999 0.7916386337500001 0.51507584875 0.7890348075 0.53243412375 0.80118584125 0.54111328625 0.81507279125 0.54024534625 0.81941243875 0.5341699575
0 0.88884699875 0.50900046 0.862809015 0.48209513125000003 0.84371450625 0.47081226875 0.82982765125 0.47515182625 0.8549976300000001 0.5046609037500001 0.8697524912500001 0.52028334625 0.8879789925 0.5263587350000001 0.88884699875 0.50900046
0 0.92269627375 0.5489245075 0.9122811562500001 0.5454528425 0.9015027999999999 0.5522922075000001 0.9140169775 0.56367901 0.9235642787499999 0.56454695125 0.92703592125 0.55413195625 0.92269627375 0.5489245075
0 0.84371450625 0.35017228250000004 0.83040905 0.37104220750000005 0.8645448362499999 0.376209695 0.861073195 0.36839847374999996 0.8593372775 0.35017228250000004 0.84371450625 0.35017228250000004
0 0.7326192874999999 0.49164218374999996 0.7265437225 0.46907643625 0.6996378274999999 0.461265215 0.687486795 0.45432190875000006 0.66839228625 0.45085026874999995 0.64495812875 0.444774855 0.65072155 0.46322970750000003 0.6848829675 0.47428393375 0.6979020075 0.47515182625 0.7204681574999999 0.49077429250000004 0.7326192874999999 0.49164218374999996