0 0.8182910737500001 0.65755986875 0.8197393 0.65948173125 0.82080009625 0.659649745 0.83232093375 0.65752801 0.8340096137499999 0.6597689662499999 0.842713225 0.6619939925 0.84529538125 0.6611267525 0.84726322125 0.6487023012500001 0.8474394125000001 0.6426219525000001 0.8449063925 0.63926052 0.83621871 0.644050425 0.82835944 0.6429458750000001 0.8258264200000001 0.63958444375 0.8297241975 0.6261068575000001 0.82383952375 0.6044455612499999 0.8158042925 0.603172905 0.8021848925 0.60821107875 0.80135648125 0.61410553125 0.7946336175000001 0.6191715725 0.7946654750000001 0.6332014325 0.7890630875 0.63742313375 0.778686725 0.63997208375 0.7750491574999999 0.6444699224999999 0.77730604125 0.64979617125 0.79695421625 0.6525575425 0.8025725325 0.65535077125 0.8059339637499999 0.6528177525 0.8078987825 0.65309388875 0.8104318025 0.6564553200000001 0.8182910737500001 0.65755986875
0 0.35329982375 0.47564606249999997 0.35481506875 0.47827054750000003 0.35915215625 0.47895747499999997 0.37279058374999996 0.47573329875 0.37937923625000003 0.47030930499999996 0.37945443375000004 0.47002866249999997 0.380872385 0.4610760775 0.37614696125 0.447874965 0.36413431500000004 0.44671030500000003 0.35946218125 0.45264783000000003 0.35329982375 0.47564606249999997
0 0.7819171749999999 0.5345266424999999 0.7863201962499999 0.53007572625 0.78771248125 0.52128519 0.78580933625 0.5184636625 0.7819139900000001 0.5177064825 0.7749282574999999 0.5300865 0.77462648 0.53199185 0.77566868125 0.5335369787500001 0.7819171749999999 0.5345266424999999
0 0.74876536375 0.5431973075 0.7502274400000001 0.542211125 0.753133535 0.5238627650000001 0.74956765 0.52065611125 0.73406835625 0.53280282875 0.7336961375 0.53471773375 0.7330470975 0.5388156125 0.73447603375 0.5409341 0.74876536375 0.5431973075
0 0.7838629912499999 0.5895304525 0.78522214 0.59073568 0.7952692025 0.5923269775 0.7984130525 0.58956407125 0.8001687187500001 0.57847923125 0.7992823825 0.5741479325000001 0.79385838875 0.5675592775 0.78432615625 0.57630278 0.78278556625 0.58205233875 0.7838629912499999 0.5895304525
0 0.2118030525 0.41803050625 0.22217321375000001 0.42056027999999995 0.2338609125 0.42241143000000003 0.234272095 0.41981532875 0.231702935 0.413416275 0.22543424 0.41368284375000003 0.22025934374999998 0.41013487875000004 0.2122166675 0.41298889375000003 0.2118030525 0.41803050625
0 0.33827641375 0.50628059 0.32675909875000003 0.49099693125 0.32638150250000003 0.4816163325 0.31366102375 0.47558881124999997 0.280247795 0.46281231 0.2701596825 0.45929962750000003 0.25238450875 0.46526938 0.25234240750000003 0.46553519250000003 0.251555465 0.47703591125 0.2692652525 0.48376468125000005 0.27072163499999996 0.49753666750000003 0.27278001125 0.50451049375 0.30312602875 0.50931683125 0.33813598874999995 0.5071671950000001 0.33827641375 0.50628059
0 0.118529855 0.4578676625 0.08617095624999999 0.47018112500000003 0.0606136775 0.48021147 0.0801979525 0.4968595075 0.11437114375 0.5047745675 0.12941382875000002 0.5096463124999999 0.1323625875 0.51011335 0.15633709875 0.49636806624999996 0.15648496 0.49543451 0.147755725 0.463089325 0.12122334875 0.45292045375 0.118529855 0.4578676625
0 0.1154902275 0.4106707 0.11525884375 0.41213160125000003 0.1159534025 0.428429205 0.12832727500000002 0.43353933499999997 0.133832905 0.43441134124999997 0.14705659499999998 0.435104365 0.14843894125 0.42637657249999994 0.13528092125000002 0.41262497125 0.13364771875 0.41169851749999997 0.12365986375 0.40895923250000005 0.1154902275 0.4106707
0 0.22566126625 0.4919852925 0.2313782375 0.47803925375 0.2324740675 0.47112045625 0.23344945875 0.45250888000000006 0.2386055725 0.41830397124999996 0.23736789125000002 0.409830535 0.21780492124999998 0.40215027124999997 0.2175139025 0.40210417875 0.20122142875000001 0.40961789875 0.19354244375000001 0.41173801625 0.18326414625 0.41310260374999996 0.16769933375 0.42462973875000004 0.16768487 0.42472105624999995 0.18202935875 0.43888291375 0.19487158125 0.43451083625000003 0.2093945625 0.44620305875 0.22360634999999998 0.44778874875 0.21125110500000002 0.45891322625000003 0.20904659625 0.4688879625 0.20552007625000002 0.4880428925 0.21753557625 0.49069831 0.22566126625 0.4919852925
0 0.27026107875 0.45214036999999996 0.27949774625 0.44590389874999997 0.27960347875 0.4452363275 0.276058295 0.43049718625 0.26697349625 0.42597886625000003 0.258639975 0.424007415 0.253608705 0.45085080125 0.25934362499999997 0.45175912375000005 0.27026107875 0.45214036999999996
0 0.6745044775 0.61546747 0.67657025 0.61655667875 0.68734426875 0.6182631162500001 0.69553346 0.615856065 0.69721569 0.6052348825 0.6797333575000001 0.60588505625 0.6745044775 0.61546747
0 0.6217657612499999 0.58619186 0.61715843625 0.577412575 0.5838413075 0.57306649375 0.54894166 0.5677097275 0.53390946 0.56612977875 0.515230905 0.575142885 0.51035303 0.5813848125 0.49426755 0.5898261525 0.5024165775 0.592783505 0.5356923625000001 0.60310288375 0.57701818125 0.60964825 0.58266014375 0.60840422375 0.61118474375 0.602114645 0.619863195 0.59820418625 0.6217657612499999 0.58619186
0 0.37368412749999996 0.55213167125 0.377004 0.54942462875 0.3772923725 0.54760391875 0.35920563 0.53189175125 0.34223901875 0.53116007125 0.33426962625 0.52942437375 0.3388511725 0.5441882725 0.35141681249999995 0.548604875 0.37368412749999996 0.55213167125
0 0.40443764375 0.5139727825 0.41311400125 0.5153469825 0.42100693874999995 0.5154516474999999 0.42916126499999996 0.5077770125 0.42967204000000003 0.50455210625 0.4034704 0.48165532375 0.38533773375 0.47107647125 0.36090535875 0.48229302375000005 0.36559313875 0.48778886125 0.40443764375 0.5139727825
0 0.78273942375 0.54991743625 0.78862600875 0.55521868125 0.7947563762500001 0.56397355625 0.8250653187499999 0.5780624974999999 0.84462103 0.58115981875 0.85841301875 0.5703146825000001 0.8589575775 0.56687648 0.8478738575 0.5528757825 0.80791839375 0.5458305575 0.80732165375 0.5457360425000001 0.78273942375 0.54991743625
0 0.93302906375 0.562660375 0.9332371725 0.56134643375 0.9165190375000001 0.54105857 0.9008499449999999 0.54394418 0.89456168625 0.54645226125 0.85642717375 0.54024482125 0.83813306 0.5376737525 0.82623067875 0.52582549 0.8042597612500001 0.5252815575 0.80129762125 0.5282570937500001 0.81225169875 0.54082003875 0.8293636 0.545768815 0.838043245 0.5503804975 0.90000688125 0.562089285 0.92667123875 0.56631250375 0.93302906375 0.562660375
0 0.910108465 0.60661755625 0.9218645037500001 0.60044692125 0.94332989875 0.60477456625 0.9701126275 0.6162227112499999 0.9766832599999999 0.6172633975 0.9854082112499999 0.6154986474999999 0.99492210875 0.555430265 0.99257578375 0.54821638 0.97612599625 0.55127268125 0.9594714525000001 0.55599584375 0.93677814125 0.56166954125 0.925226765 0.5661733275 0.9096104275000001 0.569331915 0.8792374675000001 0.56240017625 0.8787870775000001 0.57231539 0.85235047375 0.5809135225 0.8574684175 0.5874639975 0.87269019 0.5944090737500001 0.88532758375 0.60279408 0.90725931375 0.606267725 0.910108465 0.60661755625