0 0.70683830125 0.39647277375 0.70675764875 0.401093355 0.7193916625 0.4013138825 0.72227405 0.39142814375 0.7193174037500001 0.38836644625 0.70918177625 0.394209705 0.70683830125 0.39647277375
0 0.8686882025 0.4039198625 0.88070956625 0.39300564625 0.8822246025 0.378899235 0.87703654875 0.3740612975 0.84889375125 0.3730364225 0.8472377125 0.37481230625 0.8469557299999999 0.39096706875000004 0.85895374375 0.4037499475 0.8686882025 0.4039198625
0 0.5002469387499999 0.46187303874999996 0.50990216875 0.4652561325 0.51330136875 0.46269465125000003 0.5121521950000001 0.45645472750000005 0.49766934874999996 0.45138008999999996 0.48376104249999996 0.43970740875 0.47672322625 0.4395845625 0.4729566825 0.43980239625 0.469753865 0.44221589125 0.46940417875 0.46224944375 0.47530335625 0.47356348875000004 0.47831182 0.47461762375 0.4813459125 0.47467058375 0.48665013375 0.47211896625 0.4903446825 0.47466434 0.49004933625 0.469557485 0.5002469387499999 0.46187303874999996
0 0.4278341375 0.48950070625000003 0.41598996125 0.47894972625 0.40428569375 0.47549113499999995 0.39645974125 0.4816054375 0.39946458625 0.49006034 0.38045870375 0.50490936375 0.3600550125 0.50644708125 0.3528580125 0.51567084375 0.31900310625 0.51151398375 0.31320391625 0.53404905 0.3068122725 0.53771993875 0.30676298 0.54054391 0.31198131 0.54400637375 0.31308366374999996 0.54424459875 0.32523162125 0.5444566425 0.3541159125 0.52188975875 0.36630922374999997 0.5213654225 0.3737860425 0.52632643625 0.38374336625 0.52754904125 0.39219827 0.52454419625 0.42462006750000003 0.49921351 0.4278341375 0.48950070625000003
0 0.25825539 0.52023557625 0.2325457175 0.5486679825 0.22672423125000002 0.5511913825 0.22216444375 0.5566255225 0.2208651425 0.564795535 0.2143065725 0.57040454875 0.182500875 0.57520127125 0.177241605 0.57264027 0.17058336375 0.55408898625 0.14989602625 0.54784255375 0.1347800975 0.55923545125 0.12878374125 0.559760065 0.11774058625 0.54864170625 0.109745445 0.54934119 0.10700957375 0.552601675 0.10647367625 0.55537272125 0.10625097 0.5681315525 0.111669025 0.5713278312500001 0.18864851875 0.5833288587500001 0.19180353125 0.58338393 0.2131821425 0.5805733475 0.2520089575 0.54092291625 0.28199073875 0.53829985 0.2865505275 0.5328657087500001 0.28132885875 0.51922395125 0.27407080125 0.51683782125 0.25825539 0.52023557625
0 0.7569756087499999 0.38904280375 0.7567718499999999 0.40071616499999996 0.7621343349999999 0.40080976749999997 0.76933875625 0.39859417125 0.78478280375 0.39097795375 0.80069309875 0.38869098 0.8302770037499999 0.38274534000000004 0.8277174637500001 0.37021661375000003 0.81659251625 0.3658199125 0.79002357 0.3690394025 0.77763271125 0.38086349625 0.7650421925 0.38017501375 0.7569756087499999 0.38904280375
0 0.277322595 0.52236715 0.28839830375 0.5144561075 0.3053390675 0.49929894500000005 0.29196477375 0.48770823 0.27324091875 0.49929894500000005 0.2697862525 0.510238375 0.26965415375 0.5178063725 0.27473433 0.52232197125 0.277322595 0.52236715
0 0.18295993374999997 0.5290730275 0.1870130625 0.53454288625 0.20322540125 0.53482587375 0.21413061625000002 0.5267454712499999 0.21114493499999998 0.50896293375 0.1977105325 0.5056304925 0.18712167125 0.5120574925 0.18215133375 0.51720432 0.1819846575 0.5267531550000001 0.18295993374999997 0.5290730275
0 0.14611808625 0.49764850625 0.17500194749999998 0.47020304125 0.16128029125 0.46427830999999997 0.1405606375 0.4737551725 0.111220085 0.4983212575 0.11091652874999999 0.51571195 0.11251802124999999 0.51573990375 0.12936608875 0.5120249375 0.14611808625 0.49764850625
0 0.07544197625 0.54259365625 0.07522376375 0.55509502375 0.08682108625 0.5552974562499999 0.09794539875 0.54517530875 0.08687292749999999 0.5381493175 0.0761736125 0.541715715 0.07544197625 0.54259365625
0 0.1748636275 0.35942513750000005 0.16069413875 0.33882321875000004 0.14465484 0.33938332125000004 0.14352608375 0.35815768625 0.1423710325 0.361021945 0.1423454575 0.36248712375 0.15905167625 0.36277873125 0.17485676000000003 0.35981857875 0.1748636275 0.35942513750000005
0 0.32236157374999996 0.46882898375000004 0.356331895 0.4544577225 0.36057740250000003 0.43505684875 0.3605738275 0.43505678625 0.33713966874999995 0.443371005 0.317909595 0.448633415 0.306096155 0.45682697375 0.2792606175 0.46722979875 0.276518355 0.48267334375 0.27639315625 0.48984597625 0.28095116375 0.48992553625 0.287420915 0.48889094 0.30911587874999996 0.47088281125000003 0.32236157374999996 0.46882898375000004