0 0.5760227087500001 0.6506551125 0.575714125 0.65285079875 0.577303595 0.65496009625 0.57954454875 0.65327141625 0.582692545 0.65930896125 0.5896143175 0.6602817537500001 0.59217779625 0.6560487150000001 0.59328234375 0.648189445 0.588784505 0.64455187625 0.57868428 0.6451360075 0.57925248375 0.64822130375 0.5760227087500001 0.6506551125
0 0.0504230525 0.45322577875000003 0.03758452375 0.45807581124999996 0.036161745 0.46819941125 0.03632847125 0.46847689125 0.0451904225 0.4714246475 0.05007302375 0.47211085249999996 0.054135185 0.47087173374999997 0.05268999875 0.46846654125 0.0546100125 0.46076578124999995 0.051705321250000005 0.45340599 0.0504230525 0.45322577875000003
0 0.08210544 0.45601819125 0.08220888999999999 0.44703527 0.0770611925 0.45639834999999995 0.06524516875 0.45494752374999997 0.06302621875 0.4566811575 0.06151865875 0.46740800875 0.0823465625 0.47033518 0.08383297125 0.45822933374999997 0.08210544 0.45601819125
0 0.3082843625 0.4590243725 0.30617987875 0.45537929875000005 0.29481836125 0.44411850999999997 0.29175437125 0.44588750625 0.28957271125 0.4614108275 0.2917875475 0.46692878 0.30641820875000003 0.46982199375 0.3074923925 0.47168253625 0.31921355625000003 0.47332983749999996 0.32399244875 0.46939569875 0.31754139625 0.46664008500000004 0.31511134625 0.468043075 0.31370835750000003 0.46561302499999996 0.3079587975 0.46407243625 0.3082843625 0.4590243725
0 0.13824436375 0.68977903125 0.13655568375 0.6875380775000001 0.13207377625 0.6909154387499999 0.12028487 0.68925861625 0.1169075075 0.68477670625 0.10398219750000001 0.676949295 0.09164101625000001 0.67922210625 0.086775345 0.6828886525 0.08661972125 0.68399597125 0.09222514999999999 0.68932233125 0.10008441875000001 0.69042688 0.1017731 0.6926678350000001 0.10269665249999999 0.692832695 0.1390654175 0.6979439924999999 0.139104635 0.69791444 0.14499908625 0.69874285125 0.14667183875 0.69396887625 0.144414955 0.68864262625 0.13824436375 0.68977903125
0 0.46648173375 0.6117970975 0.45814073875 0.619307365 0.4597961375 0.62310273125 0.4687062925 0.62435497125 0.47670451 0.625247375 0.47878976 0.6233698075 0.49464102 0.6242005375 0.49599517 0.61731753 0.49912304375 0.61450118 0.504963425 0.61679411375 0.50704867375 0.61491654625 0.51904096125 0.613558185 0.5262354925 0.60896811 0.52633933375 0.60698670125 0.515805035 0.5994806475 0.49995377249999995 0.5986499175 0.49682589875 0.60146627 0.49651437375 0.6074104925 0.49150893500000004 0.6081415925 0.49077783375 0.60313615125 0.48316372625 0.59677656625 0.4836829325 0.586869525 0.48587202249999994 0.58301055125 0.48242841249999996 0.57289583 0.472044195 0.56549671375 0.47092007 0.5653387275 0.45604285125 0.56455904625 0.45291497875 0.567375395 0.45229193125 0.5792638425 0.44617565374999996 0.58658664375 0.44581200625 0.5891741312500001 0.44572466125 0.59084076625 0.44854101 0.59396864125 0.45844804875 0.5944878462500001 0.46710478125 0.59990865125 0.46648173375 0.6117970975
0 0.3022269575 0.5573570575 0.30877025 0.559885855 0.30460532 0.5691058925 0.30683573249999996 0.57267530125 0.31070228125 0.57356796375 0.32007151125 0.572676545 0.32185683625000006 0.56494345 0.32780585 0.5612260925 0.33747222 0.56345775 0.34237937875 0.5686632925 0.3486255325 0.5680690125000001 0.3515994175 0.5728282225 0.3636453925 0.57357293875 0.365132335 0.57595254375 0.38446507375000005 0.5804158575 0.3866954875 0.58398526625 0.385890895 0.5874703375 0.39000630999999997 0.5880487212500001 0.3936851125 0.58458078875 0.39918779375 0.58279670875 0.40483966875 0.57595627375 0.40989726249999997 0.56286968875 0.39844681000000004 0.5551353487499999 0.37866774 0.55260531 0.37569385375000003 0.5478460975 0.36989403375 0.546507105 0.36840709 0.5441274975 0.35829438875 0.543829115 0.34758741 0.5372845774999999 0.335987765 0.53460658875 0.33450082125 0.53222698375 0.3171013575 0.52821 0.3121941975 0.52300445875 0.30832764874999996 0.52211179625 0.30505662499999997 0.5142295075 0.31100563875 0.5105121525 0.31680546 0.5118511462499999 0.32037486875 0.5096207325000001 0.32409346874999995 0.5023339674999999 0.32290491000000004 0.4898416625 0.31636161625 0.48731286375000005 0.30728952625 0.49132736 0.30342297875 0.4904346975 0.2922684225 0.49905921249999996 0.29405126125 0.5177976725 0.28899491 0.51764848125 0.28542550250000004 0.5198788937500001 0.2791768625 0.54694473 0.275607455 0.54917514375 0.2678743575 0.5473898175 0.26371067 0.5433740775 0.2659423275 0.5337077075 0.27114787 0.52880055 0.27248686375 0.5230007274999999 0.27813873875 0.516160295 0.27590832375 0.5125908862499999 0.25910313875 0.5148200575 0.22519687000000002 0.5029195425 0.21538131 0.50574423625 0.21486344625 0.5079873475 0.21339328999999999 0.51844806 0.21716414875 0.52448269625 0.21582515375 0.5302825175 0.21731209499999998 0.53266212375 0.2132951125 0.55006158875 0.24378116500000002 0.5591361650000001 0.2720368025 0.564641335 0.28155522375 0.558693565 0.2901809825 0.5566123425 0.29553447375 0.55988461 0.3022269575 0.5573570575
0 0.39052099375 0.4706377425 0.39436096625 0.47505512625 0.4066492725 0.476782135 0.40762756875 0.47320851750000004 0.39129794124999995 0.46510947375 0.39052099375 0.4706377425
0 0.35627696999999997 0.5984557850000001 0.36913167125 0.5868465350000001 0.36432922875 0.585257355 0.35178778875 0.58971454125 0.347849115 0.58923093375 0.34552144875 0.5932304912499999 0.34507054125000003 0.59643886125 0.34591563375 0.59699959375 0.35627696999999997 0.5984557850000001
0 0.80220358625 0.50529871625 0.80142958 0.51080605375 0.82795953125 0.514534595 0.83174954125 0.5066952375 0.8212697575 0.50007013875 0.8211526087500001 0.50174543875 0.80220358625 0.50529871625
0 0.7511284887499999 0.5016795475 0.7670139825 0.50723154125 0.76985638375 0.50763101375 0.770400465 0.50319983375 0.7689234349999999 0.49455836875000003 0.75725496 0.49312565999999997 0.7511284887499999 0.5016795475
0 0.73287109625 0.5256738062499999 0.720897635 0.53594175375 0.72020527375 0.540868165 0.72135165625 0.54197377875 0.7339496325 0.55055145875 0.73580374375 0.5508120375 0.75684939625 0.54499830625 0.76710923125 0.5378873 0.7710749625 0.53190850375 0.7695021825 0.5237892675 0.7633343925 0.5206417299999999 0.7552150175 0.522214405 0.73287109625 0.5256738062499999
0 0.79932862375 0.582211135 0.80221851 0.5639651075 0.7952985537499999 0.5439698275 0.79895754 0.5362430899999999 0.78838936625 0.5439211475 0.7813439087499999 0.5549252025 0.780751925 0.55913739 0.7836527675 0.58993041375 0.79932862375 0.582211135
0 0.73413662625 0.693226815 0.73324518625 0.6995697387500001 0.7334740225 0.7091617100000001 0.7518029774999999 0.7146329950000001 0.75259894875 0.71474486125 0.7524348125 0.69554018 0.75911921375 0.6966138 0.7694534749999999 0.6894127312499999 0.76161818625 0.67317502375 0.75325536 0.6720427449999999 0.7447167462500001 0.6759456425 0.73413662625 0.693226815
0 0.45421637750000005 0.39114060125 0.45603135875 0.36303457 0.44646605375 0.37363083 0.43996547625 0.39970322125 0.43631546875 0.42475548875 0.44237807125000006 0.43383668125 0.44390236125 0.43405090625 0.44914663875000005 0.42535844125 0.45421637750000005 0.39114060125
0 0.55085184125 0.5872513775 0.5508677575 0.58713813625 0.53855310875 0.5760834475 0.523666395 0.56724209125 0.51860804 0.5639776587499999 0.5053220575 0.5878742825 0.5050893925 0.58952977875 0.51126110625 0.599962215 0.55085184125 0.5872513775
0 0.59863464625 0.6039836887500001 0.5865417025 0.58422621875 0.58042931875 0.5843270675 0.5635437812499999 0.586759745 0.5626619825 0.5930340675 0.56459656875 0.60248750625 0.58911010625 0.60593265875 0.59863464625 0.6039836887500001
0 0.21293110124999998 0.51014647625 0.2156975475 0.5105352750000001 0.23343532875 0.49134362625 0.22231467375000002 0.4612588675 0.212541835 0.46238977124999997 0.20904447874999998 0.47753848875000005 0.20841839499999998 0.48199330875 0.20580334125 0.50650908375 0.21293110124999998 0.51014647625