0 0.28055760125 0.4569872225 0.26653969125 0.46376542875 0.26412818875 0.473437435 0.2547801775 0.48701041375000004 0.25459684125 0.48805016875 0.25640618125 0.49616795125 0.25830835375 0.4967310225 0.28150643375 0.50082147 0.2917025075 0.49469505124999996 0.29845991250000004 0.4758333375 0.29409841125 0.46036332625 0.29287446125 0.43642966125 0.2873150075 0.43812551 0.286837905 0.44827981875 0.28055760125 0.4569872225
0 0.22834445375 0.47440485000000004 0.23312643624999999 0.47141673625 0.23434104875 0.46615567375 0.23445140250000002 0.46552983124999997 0.22834695375 0.44780663625 0.21534765625 0.4376443 0.202944235 0.44705711000000004 0.19383123624999998 0.4244926 0.18680816875 0.4238942275 0.18964887625 0.40715853875 0.17560274125 0.40596179374999997 0.17455715000000002 0.40162827999999995 0.17067210249999998 0.400731345 0.16246999124999997 0.4058565925 0.16178657625 0.40973243375 0.1593130225 0.42777677500000005 0.16409375375 0.43808776875 0.1755989925 0.44585911500000003 0.17410243749999998 0.4700663375 0.17634352125 0.47365282375 0.18411361875 0.47544669125 0.2023446125 0.46737928375000004 0.21424430625 0.48642277624999997 0.22860764249999999 0.48895542 0.22834445375 0.47440485000000004
0 0.14121619125 0.42277461875 0.14601193125 0.42362023625 0.151895145 0.42014954625 0.1576047675 0.40063671749999996 0.15432772125 0.39234507 0.15519650000000001 0.38241490125 0.1506658025 0.377015425 0.1433117025 0.3849363125 0.1374344725 0.4182677425 0.14121619125 0.42277461875
0 0.46512265875 0.4127357075 0.46247539875 0.40775693375000005 0.4576670925 0.4089525475 0.45640150125 0.4161300675 0.46154645375000003 0.42102355875 0.46636480625 0.422989345 0.47386513125 0.42431185499999996 0.48484956124999995 0.41980918250000004 0.49025333875 0.40895300874999996 0.48752714124999996 0.40082303375 0.4786564125 0.39915333500000005 0.47515914375 0.41059238625 0.47084218499999997 0.4144843425 0.46512265875 0.4127357075
0 0.5760047025 0.41074899000000004 0.5590046125 0.416130325 0.5561662037499999 0.41901491375 0.55466068375 0.42755313875 0.5591024625 0.42825664875 0.574133475 0.4225634425 0.58355997375 0.433139575 0.5846106625 0.43368501375 0.58702093875 0.43411001 0.59206001625 0.43044890625 0.5972456525 0.42319634624999997 0.60056922125 0.40858421375 0.5940382525 0.41158675250000004 0.5760047025 0.41074899000000004
0 0.7941206725000001 0.4550402725 0.796689 0.4568678425 0.810459565 0.4527390775 0.81668302875 0.44943 0.81843166625 0.44371047625000004 0.8099859425 0.43383186625000003 0.8042664137500001 0.43208322875 0.79478829625 0.44062823 0.79302443125 0.45063160500000005 0.7941206725000001 0.4550402725
0 0.09655339874999999 0.4635685 0.09064201875 0.46740739499999995 0.07674677375 0.48483546 0.07319994625 0.48713879624999995 0.0677642775 0.48394525125 0.06026113875 0.48881784625 0.059755298750000005 0.49168661125 0.06019490875 0.49558436499999997 0.06274231625 0.49651810249999995 0.06780449250000001 0.4974107 0.1042311875 0.47539126000000004 0.11049585 0.47468469625 0.12391538375 0.4642890725 0.11866336125 0.44584836625 0.1092663675 0.44690821375 0.10317134375 0.46599426625 0.09655339874999999 0.4635685
0 0.040456436250000005 0.49672685375000003 0.0419861825 0.47485044875 0.03921164 0.47165870125 0.024883212499999998 0.48070060875000004 0.02296036875 0.49160559625 0.029120616250000002 0.49693610624999995 0.038344698749999996 0.49856256000000004 0.040456436250000005 0.49672685375000003
0 0.6161269712499999 0.43382294 0.602234495 0.43848871250000004 0.6009147174999999 0.44597354125000005 0.60146428625 0.44808031125 0.6374677075 0.45442868625000005 0.6311787012500001 0.4413060025 0.6161269712499999 0.43382294
0 0.74679916125 0.43924654125 0.7467667412500001 0.43943040625 0.76489823875 0.44262747875 0.78010940625 0.4403124975 0.7772336074999999 0.4226061875 0.76022758375 0.42652049124999997 0.74679916125 0.43924654125
0 0.7166115375 0.41183605874999996 0.7075348925 0.42437599374999996 0.7071684625 0.4264541175 0.71175487125 0.43325687 0.71509860375 0.43384646 0.7317865575 0.4184418575 0.7166115375 0.41183605874999996
0 0.02337875 0.39691956500000003 0.043879563749999996 0.38235219125000003 0.06422657625 0.36036882374999996 0.04769417375 0.34879905875 0.02450491625 0.36595127125 0.01856360625 0.37977007874999996 0.01729377875 0.386971625 0.02269808 0.39679954500000003 0.02337875 0.39691956500000003