0 0.6638521475 0.31862551125 0.66195694125 0.30514041625 0.62759230375 0.28441536375 0.6220164662500001 0.27467996 0.6199868575 0.26023855 0.61616741 0.25551582 0.61204129375 0.25609570875 0.60967156625 0.26168827 0.616083785 0.2923442025 0.61282749875 0.29911326625 0.61630682625 0.3238699675 0.6189497724999999 0.32770614125 0.623983075 0.32983889499999997 0.63223536875 0.32867911 0.65018559375 0.32542003999999997 0.6638521475 0.31862551125
0 0.47394717125 0.325385495 0.45838307125 0.32230411750000004 0.44374924 0.32860944875000003 0.44591498625 0.33879848625000003 0.4470781425 0.33955384875 0.46536054 0.336984425 0.46876401875 0.33607165125 0.47524662 0.33149891750000005 0.4813600425 0.33019946875 0.48432946 0.32562696750000003 0.4839765775 0.3231160825 0.4816652525 0.32161508875 0.47394717125 0.325385495
0 0.403319125 0.32599206000000003 0.39246797875 0.332369585 0.39104936 0.33880311375 0.39720911875 0.3475823375 0.39957727 0.347491945 0.41718956875 0.34501669749999997 0.41885540125 0.3442598175 0.41820209625 0.33804405625 0.42005625 0.33575436750000004 0.41988502250000004 0.3341252425 0.41891892 0.3272510725 0.4157506475 0.32468545499999996 0.403319125 0.32599206000000003
0 0.61155819 0.36330948375 0.60750626625 0.36560803 0.58046005125 0.36702546249999995 0.5775028824999999 0.37030972875 0.57923856875 0.44323549999999995 0.59073571375 0.443676055 0.59292522625 0.44564750125 0.605408095 0.44499330125000003 0.607597605 0.44696474625 0.61274428625 0.4456519225 0.6188766849999999 0.44324434625000003 0.6154951325 0.3787203975 0.6135858575 0.36513520374999997 0.61155819 0.36330948375
0 0.7222748112499999 0.4695390275 0.72501219875 0.46639002375 0.723788215 0.4576809275 0.718114045 0.45419865625 0.718004615 0.45421403625 0.71308982125 0.45765078000000003 0.7114475387500001 0.4640308825 0.7170054637500001 0.470764155 0.7186372962500001 0.47053481625000004 0.7222748112499999 0.4695390275
0 0.6388504075 0.54791580375 0.63835468 0.5635676387499999 0.647978445 0.57052768 0.6594039175 0.57100629125 0.6619680187500001 0.57064593 0.664767685 0.56764365625 0.66455984875 0.5661648275000001 0.6591753224999999 0.56284056625 0.6525655924999999 0.55264836625 0.6450966 0.5476976825 0.6388504075 0.54791580375
0 0.7379724225 0.5417662725 0.72264445625 0.54497238125 0.7238042325 0.553224615 0.7335691925000001 0.56058304125 0.74078988875 0.55956823875 0.74353153375 0.5588673525 0.74854420875 0.55711096375 0.7615317162499999 0.54660748375 0.76129009625 0.5448882675 0.74564476875 0.53648037875 0.74151865125 0.5370602675 0.7379724225 0.5417662725
0 0.45894008375 0.565097965 0.4757012975 0.5627423300000001 0.48535784374999996 0.56006623 0.4877150425 0.55629392 0.48655368250000003 0.5480304125 0.47567549625 0.55054184 0.47411420625 0.55304042625 0.46146593375 0.5538223775 0.45397148125000003 0.56303607375 0.45894008375 0.565097965
0 0.6336713537499999 0.76720502625 0.6574008825 0.7598979124999999 0.70050809 0.75062055 0.74837665 0.724250165 0.8117514262500001 0.70833857625 0.81720660375 0.7002511287500001 0.8155549175 0.68849877125 0.8006457949999999 0.6835515437499999 0.77939321875 0.68049706375 0.7335455425 0.68491800125 0.7195049025 0.6912400037499999 0.710440325 0.70467849 0.68892216125 0.71874131625 0.66288381125 0.73727550875 0.61419839 0.7548227275000001 0.579385475 0.7651824525 0.5565214325 0.7723213325 0.562194845 0.77840409125 0.5725599612500001 0.77760322125 0.60006130125 0.7737381600000001 0.6336713537499999 0.76720502625
0 0.76942942 0.4899044225 0.78372235 0.48789568250000004 0.7857764475000001 0.48722796 0.78682809625 0.48409682 0.78492643625 0.47056580875000004 0.7839499875 0.46789683625 0.77809771625 0.46426755625 0.76686961375 0.46448639125 0.7618480275 0.481687305 0.76942942 0.4899044225
0 0.09426373625000001 0.579349145 0.06254251625 0.57633917125 0.04516876500000001 0.573734805 0.0264670875 0.57401883375 0.00613247 0.5785982 0.00799496375 0.5918505275 0.0121368475 0.59778289625 0.03266572125 0.5962467275000001 0.05599756250000001 0.5970147662499999 0.077130585 0.60080904125 0.0880379075 0.596403465 0.09839347500000001 0.5885145475 0.08670997375 0.59929181375 0.08795277625 0.607138555 0.1230558125 0.602205145 0.12269178374999999 0.599614945 0.11856105875 0.5862129737499999 0.09426373625000001 0.579349145
0 0.24985076 0.55889190375 0.25658264375 0.5463564075 0.25640193125 0.5450705662499999 0.24293894000000002 0.5306152550000001 0.232072905 0.54734709625 0.23424137125000002 0.5670224025 0.23484904374999999 0.5713462175 0.23718820499999999 0.57101747 0.24985076 0.55889190375
0 0.251168975 0.5736698375 0.24962721999999998 0.581892125 0.26484710499999997 0.57975311 0.27202046750000003 0.57536764625 0.2713429375 0.57054676875 0.26590551 0.562425005 0.251168975 0.5736698375
0 0.6336546525 0.5925899575 0.66993330875 0.59729674 0.6889418150000001 0.59462526875 0.70191156875 0.59250826 0.7130360575 0.5787710025 0.7127091975000001 0.57644527375 0.68511671875 0.5676770925 0.6770883012500001 0.5685209125 0.6763050887500001 0.56863098625 0.6681320662500001 0.57478149875 0.63836301875 0.5867758425 0.6336546525 0.5925899575
0 0.7918973175 0.43621358375 0.79195370375 0.4362474625 0.795105275 0.4358045375 0.7951056475 0.43521521 0.79316848875 0.42143160625 0.783787225 0.41097520125000003 0.76070221125 0.39492258999999996 0.7575900675 0.40665931 0.785913345 0.43043613125 0.7918973175 0.43621358375
0 0.4822116225 0.42731883875 0.477781315 0.39579556125000004 0.47510278749999996 0.38455128250000004 0.46713529375 0.40188145374999995 0.45971941375 0.42269499125000004 0.445699175 0.43562772625 0.43432669249999994 0.42582412124999997 0.42524767375000005 0.41922797250000005 0.41181439875000003 0.41332147124999996 0.40439049875 0.41717532625 0.4048636825 0.44834421375 0.41262755624999997 0.46557487125 0.45325850375000004 0.45986456375 0.45987346375 0.45748510625 0.4804034 0.44619936000000004 0.4822116225 0.42731883875