0 0.38704596875 0.6365089675 0.38139057 0.63890532 0.3802177625 0.647250275 0.38200394000000004 0.65382513875 0.3877321575 0.65463018625 0.39392491625 0.6481129674999999 0.3957179525 0.6504924074999999 0.39692948875 0.64957945 0.39751051625 0.6454452275 0.39570104 0.6430439724999999 0.39718396125 0.6400612125 0.38704596875 0.6365089675
0 0.98617046875 0.60374653 0.9845625275000001 0.6120186675 0.9820925075 0.6136847175 0.98311197875 0.61460148625 0.9862216087500001 0.6150385162500001 0.9880603062500001 0.6019555 0.98617046875 0.60374653
0 0.95992659625 0.5833710125 0.9585430087500001 0.59280881375 0.9563640250000001 0.594840745 0.95598342625 0.60573967875 0.9782526287500001 0.60886941125 0.979330155 0.60120241 0.97945054375 0.5977549725 0.97640264125 0.5944864975 0.9637698937499999 0.5940453525 0.95992659625 0.5833710125
0 0.745813235 0.538290465 0.7483085737499999 0.520535205 0.7480178775 0.5201042300000001 0.7319336925000001 0.525562475 0.7282286625000001 0.52806154875 0.7261896824999999 0.53303064375 0.7199855775 0.53182468625 0.7175155599999999 0.533490735 0.7158495087500001 0.5310207175 0.7084103949999999 0.53064778375 0.71205848875 0.53863886875 0.7234860925 0.5402449137499999 0.7249837275000001 0.539234745 0.734832935 0.5418396074999999 0.7409405 0.54269797 0.745813235 0.538290465
0 0.888840115 0.82293633 0.88903696625 0.8215356625 0.8851605562500001 0.81657408625 0.87312782 0.810851525 0.85772031125 0.81532741125 0.8530247400000001 0.8189959925 0.84047851125 0.8174555087500001 0.83680993 0.8127599375 0.8344621449999999 0.81459423 0.82844577625 0.81173294875 0.82466735125 0.81657542375 0.8249896775000001 0.82085233375 0.8713459025 0.82736727625 0.8734216275 0.8257455400000001 0.8817857812500001 0.82677252875 0.888840115 0.82293633
0 0.4739873125 0.61646894625 0.4618016725 0.6228046025 0.46161805875 0.6249033275 0.46850455875 0.63079279 0.48091329375 0.63399320125 0.48282840374999997 0.6362755425000001 0.48930819375 0.63472766 0.49218085625 0.63815117 0.49258756875000004 0.64558851625 0.509377365 0.6470574325 0.51123023 0.64926558875 0.51187659375 0.64935642875 0.529223445 0.6498511324999999 0.53168939875 0.6458372962500001 0.5240289575 0.63670794 0.525130645 0.6241155912499999 0.535033945 0.6196950449999999 0.54552756875 0.6206131175 0.5462481287500001 0.62000849625 0.5475553225 0.61070733125 0.54375659 0.60459726125 0.5448582774999999 0.5920049125 0.54198561375 0.5885814025 0.52519581375 0.587112485 0.5130101775 0.59344814125 0.507894655 0.60357453625 0.50962615 0.6079556 0.50870807625 0.618449225 0.49976233375 0.62401094125 0.49825393625 0.629165945 0.49309893000000005 0.6276575475 0.49364977250000003 0.62136137125 0.49077710875 0.6179378612499999 0.4739873125 0.61646894625
0 0.72541390375 0.59816011875 0.735837365 0.58110714625 0.7292065325 0.56768443125 0.72510104125 0.56673660375 0.7183117987500001 0.55868271125 0.71089023125 0.55805038625 0.7039412575 0.56941903375 0.70409834875 0.5781039312499999 0.70646659625 0.58189392125 0.7126248350000001 0.5833156625 0.716571915 0.58963231125 0.70978135125 0.5956321375 0.70567585875 0.59468431125 0.69856979375 0.59736806125 0.68009508125 0.5931028362499999 0.6775684225 0.59468167 0.665251945 0.5918381875000001 0.65198764375 0.59310019625 0.6421978262499999 0.5886778825 0.6396711675 0.59025671375 0.63351292875 0.5888349724999999 0.62845961125 0.5919926375 0.608406065 0.58520075375 0.5938784325 0.58725218 0.5926137825 0.60209531375 0.59482361875 0.61125412625 0.59924461375 0.61551802875 0.60192836375 0.6226240949999999 0.60524443875 0.6223085925 0.60619226625 0.6182031 0.6099822549999999 0.6158348525 0.6305097150000001 0.62057399 0.633036375 0.6189951575 0.6448789375 0.62389138625 0.64993225625 0.62073372125 0.6556165812499999 0.6242082075 0.6627226462500001 0.62152445625 0.67298637625 0.62389402625 0.67693345625 0.630210675 0.6750378 0.63842166 0.6835642875000001 0.64363338875 0.6876697774999999 0.6445812175000001 0.6914597675 0.6422129687499999 0.69177659 0.6314753249999999 0.6991981575 0.63210765125 0.7044085687499999 0.63763488375 0.7110407200000001 0.63700387875 0.71830387625 0.6430050249999999 0.7246192050000001 0.65311166375 0.75414706375 0.66100978625 0.7874649125000001 0.66653966125 0.79173013625 0.64806494625 0.79425679625 0.646486115 0.7956785375 0.64032787625 0.803258515 0.6355913812499999 0.8053803825 0.62640056625 0.80585143375 0.6230488625 0.79804942625 0.61601042875 0.7601521712500001 0.6115854725 0.74515194625 0.601635925 0.74136195625 0.604004175 0.74357179375 0.613162985 0.7421500537500001 0.6193212225 0.7448338025 0.6264272875 0.74246423375 0.63669101625 0.7366214987499999 0.6385853525 0.7284105150000001 0.6366896975 0.7260422675 0.63289970625 0.73267705875 0.60416126375 0.7303088099999999 0.600371275 0.72541390375 0.59816011875
0 0.6400456962500001 0.50946461125 0.6389000875 0.50930360625 0.62220649125 0.51550531 0.6226984787500001 0.51850643125 0.63451564875 0.52016722625 0.63469219375 0.5201573725 0.63912370375 0.5160249225 0.6400456962500001 0.50946461125
0 0.64425847875 0.64950783375 0.6330562225 0.6408918174999999 0.62768514625 0.6409208725000001 0.63683261625 0.65681957625 0.64690756625 0.6582355187500001 0.6480311012500001 0.6502411575000001 0.64425847875 0.64950783375
0 0.2107567475 0.4294285875 0.19067771874999997 0.42266319750000003 0.19080210625 0.4208843675 0.17880396999999998 0.426301785 0.18119093500000003 0.4337354725 0.20485433 0.437061145 0.20963705875 0.43739558625 0.2107567475 0.4294285875
0 0.26128414375 0.4381539225 0.25860172124999997 0.43229797750000004 0.24614952375000002 0.431427235 0.242859265 0.44013489875 0.24261483875 0.44363032375000006 0.24899160625 0.44452651875 0.26062603875 0.44283658625 0.26128414375 0.4381539225
0 0.25228404625 0.46341200375 0.2443888625 0.45956772625 0.23719808125 0.461100905 0.233353735 0.46899591375 0.23577800375 0.47621771375 0.244346475 0.4863304275 0.26513785 0.49854938875000004 0.26550096 0.49860042125 0.2815847725 0.4929836775 0.284066165 0.49161032125 0.2845518075 0.48815478625 0.27424968125 0.47310043874999996 0.25228404625 0.46341200375
0 0.18760388375 0.50901918375 0.19884691 0.52205220125 0.20017077625 0.5222382587500001 0.21390992625 0.49680875375 0.21562224624999998 0.48462497125 0.21418145625 0.47613338624999996 0.20703768125 0.46424443125000003 0.20740828874999997 0.47331449875 0.19234920249999998 0.48998674999999997 0.18760388375 0.50901918375
0 0.1880212925 0.6314369074999999 0.1974997575 0.6408722475 0.20468736750000002 0.6409820625 0.20117207 0.6599679875 0.20573696000000002 0.6606095412499999 0.220156995 0.6589358249999999 0.22299391624999998 0.6387500825 0.21637071625 0.6219157599999999 0.20816178624999998 0.6162602875000001 0.19920828749999997 0.61590234125 0.1880212925 0.6314369074999999
0 0.5942944525 0.46023627375 0.60149141375 0.45620199499999997 0.6101146024999999 0.43074135625 0.6148790825 0.41010413125 0.61610757875 0.4013629275 0.61259115625 0.388305795 0.60075985 0.41577093625000006 0.589061595 0.45058721375 0.58970753375 0.45959162374999996 0.5942944525 0.46023627375
0 0.48255123375 0.6124156225 0.49050955625 0.6034544975 0.49071632625 0.60198325625 0.48160742749999996 0.57407013125 0.47567378374999997 0.57644778875 0.45836625374999995 0.58264698625 0.443182525 0.5917392575 0.4801897075 0.61208373125 0.48255123375 0.6124156225
0 0.42371116625 0.6016216212500001 0.42876502375000003 0.59370864 0.429865625 0.5858774587500001 0.41495792375 0.57754646875 0.40893725750000004 0.57512065 0.38943184000000003 0.59010417375 0.39951346 0.59654285625 0.4138904 0.6002414025 0.42371116625 0.6016216212500001
0 0.795601755 0.5819422412499999 0.8046898662499999 0.60593559125 0.8168356662499999 0.6076425725 0.8218485712499999 0.59005790125 0.82595964625 0.56080607625 0.8185162425 0.55674765875 0.795601755 0.5819422412499999