0 0.9216810775000001 0.61410305125 0.9217387275 0.61409378625 0.92123148625 0.59956829625 0.9047685937500001 0.57994232125 0.90087267625 0.5819760325 0.8962171600000001 0.59680010625 0.90924763125 0.61131547 0.9140088762499999 0.61437097 0.9216810775000001 0.61410305125
0 0.19055900625 0.33473205125 0.1854518025 0.33213386874999995 0.18103010125000002 0.339338795 0.18030337875000002 0.35712148374999997 0.19067580625000002 0.3644626925 0.21631878125 0.36356721999999997 0.21719182 0.36340793 0.21866406625 0.35917988 0.21856410625 0.356317405 0.20880093625 0.35611384375 0.19466528624999999 0.35119168 0.19055900625 0.33473205125
0 0.6800456187499999 0.3997537425 0.6845729975 0.4289513925 0.69147456625 0.44018508124999994 0.69931224375 0.44676167125 0.7041237012499999 0.4465936525 0.70683898875 0.4416320375 0.70567377 0.40826454624999997 0.704054665 0.40357197 0.69234392 0.39374548875000004 0.68647013125 0.39425938000000005 0.6800456187499999 0.3997537425
0 0.92865619 0.6223130025 0.9350263212500001 0.63233372125 0.9419475774999999 0.6346582825 0.94598046875 0.63451745 0.953926295 0.63265458875 0.975898235 0.62658954875 0.9831362975000001 0.6216028575 0.9856722875 0.61823748375 0.98531443 0.60798980625 0.9710487775 0.60362376 0.9702597025 0.603651315 0.932838065 0.61676346875 0.92865619 0.6223130025
0 0.71244075 0.5047311 0.72267335875 0.51617341 0.7228105425 0.52010183375 0.7461877812500001 0.54190146 0.7703070525 0.55679205125 0.78923141625 0.57620239 0.80196071625 0.5757578725 0.8037071324999999 0.565104725 0.8034338637499999 0.55727932375 0.79970163375 0.5537989625 0.7939461837499999 0.5579331612499999 0.77626827875 0.5585504875 0.77098049625 0.54791880375 0.758783675 0.536545085 0.7617518137499999 0.50890894 0.7548427775000001 0.508166905 0.7473974825 0.5202265425 0.739540635 0.52050091 0.7364914312499999 0.51765748 0.74000830375 0.5057350275 0.7374953575000001 0.49008992625 0.7208338562500001 0.4916550625 0.71244075 0.5047311
0 0.54950537875 0.49496475625 0.5582566262499999 0.51422553875 0.5663250525 0.51394378375 0.57748669 0.49795250625000004 0.5812433699999999 0.48668837375 0.58515265375 0.48627749125 0.61714302 0.50860622 0.6297454725 0.5062935325 0.63324387375 0.501973365 0.6322166687499999 0.49220015500000003 0.6376697137499999 0.48767454625 0.6398826325 0.48052513750000003 0.6464157187499999 0.47687413 0.6508415575 0.4625753125 0.6498143500000001 0.4528021025 0.65439241875 0.44407849 0.6541577049999999 0.43735715999999997 0.6415379675 0.42106411 0.6300155537500001 0.42425139875 0.61643873125 0.40789226749999996 0.6066655225 0.40891947375 0.60424716125 0.41411424125 0.6060961312500001 0.43170601875000003 0.61555822875 0.44652139124999995 0.6146307925 0.45650004375000003 0.5923548975 0.47959179874999996 0.58453633 0.4804135625 0.56334638 0.46683083875000003 0.5516185275000001 0.46806348625 0.5476564075 0.4773729775 0.54950537875 0.49496475625
0 0.47000063 0.5245621662500001 0.49385773625 0.52522973125 0.52728052875 0.52406258125 0.532004095 0.52104897125 0.5318257175 0.51594090875 0.5297049825 0.51194629125 0.5153446325000001 0.504305325 0.51585894125 0.49449174874999996 0.48982098625 0.46557367499999996 0.49023243375 0.45772281249999996 0.49890618875000003 0.4424325375 0.47297526875 0.43024897125 0.457170685 0.43138879375 0.45200674375 0.43603842875 0.45222081375 0.46950745 0.4456208325 0.48292121250000003 0.4466026875 0.51103784625 0.45264477625 0.51774826625 0.47000063 0.5245621662500001
0 0 0.32216564374999995 0.00989616125 0.33996564375 0.02285803 0.3505507875 0.02575454375 0.35146044125000003 0.03096070875 0.35127863875000004 0.044371328749999994 0.34427814875 0.04626783625 0.34031362875 0.06002836375 0.35026357375000006 0.07311222875000001 0.349806675 0.07423548 0.342256875 0.074093995 0.33820525500000004 0.0677468375 0.3320758775 0.046130633750000004 0.33245319 0.03416847 0.32283344999999997 0.01855049625 0.32900318624999997 0.00245230875 0.30766139124999997 0 0.3085266675 0 0.32216564374999995
0 0.85528876375 0.3588040125 0.84343426 0.35175560875 0.82626607875 0.35149718999999996 0.82636944625 0.35445724125 0.82907616125 0.37343831 0.85219298875 0.3726310525 0.85537201 0.36118789125 0.85528876375 0.3588040125
0 0.8444285537499999 0.53985449875 0.825976575 0.54270576875 0.8159983225 0.5781873925 0.850222615 0.574139135 0.85642411 0.57173395125 0.8730406025 0.58078028 0.87410940625 0.5807429562499999 0.880413795 0.5768508675 0.8800184787499999 0.56553052 0.87090795375 0.5573833887499999 0.85781510875 0.5569261775 0.8444285537499999 0.53985449875
0 0.9982819575 0.5137084412499999 0.9848873324999999 0.5011369962500001 0.9763369249999999 0.51169569875 0.9864810199999999 0.54136588375 0.9915366775 0.54662402 0.9994010937500001 0.5463493875000001 0.99942154375 0.5463419300000001 0.9982819575 0.5137084412499999