0 0.21484375 0.4501953125 0.216796875 0.4599609375 0.2216796875 0.46484375 0.232421875 0.4638671875 0.236328125 0.4521484375 0.2275390625 0.443359375 0.2197265625 0.443359375 0.21484375 0.4501953125
0 0.4287109375 0.501953125 0.4345703125 0.50390625 0.4375 0.5009765625 0.4375 0.4755859375 0.4423828125 0.470703125 0.4541015625 0.46875 0.4638671875 0.458984375 0.4755859375 0.462890625 0.4892578125 0.462890625 0.4951171875 0.466796875 0.5068359375 0.4609375 0.5205078125 0.447265625 0.546875 0.4404296875 0.546875 0.4228515625 0.548828125 0.4208984375 0.548828125 0.4130859375 0.552734375 0.4013671875 0.552734375 0.3896484375 0.5625 0.3798828125 0.5625 0.3759765625 0.5595703125 0.373046875 0.5498046875 0.375 0.546875 0.3720703125 0.546875 0.3642578125 0.5439453125 0.361328125 0.5380859375 0.361328125 0.529296875 0.3564453125 0.53125 0.3447265625 0.5283203125 0.33984375 0.5205078125 0.3359375 0.5146484375 0.34375 0.5087890625 0.34375 0.5068359375 0.341796875 0.5029296875 0.34375 0.4814453125 0.34375 0.470703125 0.3330078125 0.46875 0.3271484375 0.4599609375 0.318359375 0.4560546875 0.318359375 0.4501953125 0.326171875 0.4404296875 0.328125 0.4375 0.3310546875 0.4296875 0.3447265625 0.4296875 0.3486328125 0.423828125 0.3544921875 0.408203125 0.3857421875 0.4033203125 0.390625 0.3935546875 0.392578125 0.3837890625 0.3984375 0.3603515625 0.400390625 0.3544921875 0.404296875 0.3447265625 0.40625 0.3408203125 0.408203125 0.33203125 0.4189453125 0.33203125 0.4306640625 0.333984375 0.4345703125 0.341796875 0.4404296875 0.341796875 0.4501953125 0.3388671875 0.453125 0.3291015625 0.455078125 0.3232421875 0.458984375 0.314453125 0.4697265625 0.3564453125 0.470703125 0.3681640625 0.46484375 0.3720703125 0.46484375 0.373046875 0.4814453125 0.375 0.4833984375 0.375 0.5009765625 0.373046875 0.5029296875 0.375 0.5048828125 0.373046875 0.5068359375 0.373046875 0.5146484375 0.3779296875 0.521484375 0.3837890625 0.5234375 0.392578125 0.5224609375 0.3994140625 0.515625 0.4189453125 0.513671875 0.421875 0.5068359375 0.4287109375 0.501953125
0 0.5314748125 0.46699951 0.5247737225 0.46309062375000004 0.5214232075 0.46197381375 0.5176930575 0.46300566625 0.52030632875 0.47314201625 0.52644901 0.478726125 0.53091634125 0.478726125 0.5314748125 0.46699951
0 0.548785915 0.4569481175 0.54487693125 0.45974016375 0.5404095375 0.463649035 0.535383735 0.47705090375 0.54487693125 0.47984295000000005 0.55157802 0.47034996874999996 0.548785915 0.4569481175
0 0.6146797512500001 0.4686747325 0.5979270575000001 0.4569481175 0.58452493875 0.4558312925 0.57503174375 0.4642074475 0.57951924375 0.46451362125 0.57726544 0.47481725375000006 0.59904393625 0.48263501249999996 0.61188764625 0.47481725375000006 0.6146797512500001 0.4686747325
0 0.68671626875 0.48542705875000003 0.69230048 0.47370042875 0.682248875 0.47425884125 0.66549618125 0.47984295000000005 0.65991197 0.48040136250000004 0.66884669625 0.48654388375 0.68671626875 0.48542705875000003
0 0.23997825875 0.51223077875 0.2377445625 0.49715369000000004 0.22713454875 0.49492004 0.22545926125000001 0.49994573625 0.2154076575 0.5200485225 0.22043345875 0.5351256275 0.23662771375 0.52954150375 0.23997825875 0.51223077875
0 0.28576888624999996 0.5245158062499999 0.28297678125000003 0.51613965 0.25338037750000003 0.51055554125 0.25338037750000003 0.51278919125 0.24667931875000002 0.52395739375 0.25282196875 0.5340088025 0.27850941875 0.5340088025 0.28576888624999996 0.5245158062499999
0 0.459438295 0.52898310625 0.45887988625 0.52786628125 0.45687217625000004 0.52483185125 0.45217879625 0.5351256275 0.45217879625 0.5418265462499999 0.45832141625 0.5407097212499999 0.459438295 0.52898310625
0 0.4672562025 0.49882891125 0.4644640975 0.48375182250000004 0.46167199125 0.48207659999999997 0.45608778 0.48431023500000003 0.45217879625 0.50106256125 0.4516203875 0.5166980625 0.46278880875 0.522840585 0.4672562025 0.49882891125
0 0.4985278325 0.5183733 0.49182680375 0.505529845 0.4868010025 0.5468522425 0.48791781874999995 0.55131954125 0.49964471125000004 0.5384760712500001 0.4985278325 0.5183733
0 0.34049430125 0.5317751525 0.325416895 0.5345672 0.33379324125 0.54294337 0.35668855625 0.5435017675 0.35948066124999994 0.5384760712500001 0.35445485875000005 0.5328919775 0.34049430125 0.5317751525