0 0.8125724175000001 0.485173165 0.80444685 0.48446226875 0.8011331762499999 0.48724277125 0.80152038375 0.50379366875 0.8158098175 0.5050438325 0.8181716387500001 0.5030620299999999 0.8188825337500001 0.49493646124999996 0.8125724175000001 0.485173165
0 0.56004636 0.4624029625 0.55983286375 0.45628923374999997 0.5504843575 0.45151470250000003 0.5403659749999999 0.45390843875000003 0.534618455 0.46286278875000003 0.5340725912500001 0.46910204624999996 0.5480249975 0.47032272375 0.5551294999999999 0.46767564875 0.56004636 0.4624029625
0 0.028384556249999998 0.56911213125 0.03629080375 0.55469789125 0.04852385 0.5544843625 0.0534608075 0.54522060625 0.0513152 0.53913967125 0.036041686249999996 0.5404260025 0.022575164999999998 0.5643456025 0.02220136 0.5686182175 0.02816705625 0.56914014875 0.028384556249999998 0.56911213125
0 0.15334883 0.56955448 0.1505301125 0.55497928875 0.1457182175 0.55148789 0.13439227750000002 0.56272077 0.13353453375000002 0.57252482625 0.13995330250000002 0.5776654025 0.1525428525 0.5787668462500001 0.15334883 0.56955448
0 0.6671916412500001 0.44403200374999996 0.6642971875000001 0.44081738875 0.65143871875 0.45239520749999995 0.6290387900000001 0.451221275 0.6190662087500001 0.45854402499999997 0.6189201775000001 0.46021317500000003 0.64682677625 0.46265468624999995 0.657014185 0.46289715375 0.6671916412500001 0.44403200374999996
0 0.23021442125 0.48576070625 0.22912104875 0.50139665875 0.23715651625 0.50209967125 0.2522412825 0.49215107750000003 0.25229968125 0.49148357375 0.25296479125 0.48197205 0.24714672624999998 0.47747695 0.24473554625 0.4681097525 0.23645656625 0.46957496125 0.23123324125 0.47411552749999997 0.23021442125 0.48576070625
0 0.08432480999999999 0.58834780875 0.07912733125 0.5884666575 0.07535066625 0.59217309625 0.0739416175 0.6082785975 0.0786924025 0.6086942375000001 0.0969656375 0.5988591625 0.10476063 0.589880585 0.10180657 0.58314787875 0.10369589250000001 0.57830449625 0.11574492875 0.58042906625 0.11728015624999999 0.577593855 0.10912861875 0.57097999625 0.09235504875 0.57216358 0.08644938125 0.5762987725 0.08432480999999999 0.58834780875
0 0.1657311825 0.577411125 0.17334929375000002 0.57807762375 0.21645299 0.54846151 0.22143806375 0.54305735875 0.223352025 0.53097308125 0.21773833374999998 0.52079339375 0.20851562875 0.5203649462500001 0.20967278 0.5391293512499999 0.19461747375000002 0.54293853625 0.19164644625000002 0.54866168125 0.16649688875 0.56865905625 0.1657311825 0.577411125
0 0 0.60306432 0.01686449875 0.6045397725 0.026756555 0.59848475125 0.0268277325 0.5944070687499999 0.01681146875 0.58403492125 0.0160589575 0.56872582 0 0.5728058025 0 0.60306432
0 0.39648685875 0.5316155275 0.39172069375 0.52260236 0.39331566125 0.51253213 0.38590683374999996 0.48761613125 0.379864695 0.48665915 0.37403209375 0.49089678249999996 0.365757 0.504038125 0.36384303875 0.51612240375 0.34984479874999996 0.52629272125 0.34623578375 0.53604395875 0.33372305750000003 0.54335270375 0.32683339250000004 0.54122920125 0.32842835875 0.53115896875 0.32006255250000004 0.51228511 0.31031131125 0.50867609625 0.29324196125 0.5121662862499999 0.28233357125 0.48979286875 0.27459638000000003 0.48650284749999995 0.26951122375000003 0.4795037275 0.263997615 0.4817273125 0.26021961375 0.48701117625 0.25812028875 0.51100656875 0.26567392875 0.523284215 0.2686355875 0.537173 0.2800818775 0.54311505375 0.30648338875000003 0.53284465375 0.3163347125 0.54885694 0.34710936875000004 0.56065551625 0.37740021749999997 0.5633056225 0.38396476375 0.5585362025 0.39521088499999996 0.53967171375 0.39648685875 0.5316155275
0 0.8503740000000001 0.45363792750000004 0.8479360137499999 0.48150424000000003 0.849987445 0.48168371625 0.8679418375 0.47837726875000003 0.8691592575 0.45018191375 0.8563296699999999 0.44380358625 0.8503740000000001 0.45363792750000004