0 0.0265893375 0.33400755 0.025019563749999998 0.33159030875 0.0262907625 0.32560978625 0.023936101249999998 0.32198392499999995 0.01700093875 0.3189957475 0.01555537875 0.3257965725 0.01430033125 0.33773755125 0.01727303125 0.33865744 0.02460257625 0.33942780624999996 0.0265893375 0.33400755
0 0.19499135750000002 0.31299143125 0.19106123625 0.31819655 0.19038289875 0.32465049749999997 0.1927222325 0.32913710625 0.19560772624999997 0.33057167249999997 0.19849671375 0.331310225 0.2061019275 0.332109565 0.21116975624999998 0.329671665 0.21722438375 0.3305225875 0.22067716 0.32792073375 0.217775305 0.31928061375 0.211420675 0.31324234875 0.19499135750000002 0.31299143125
0 0.327186575 0.29296389375 0.3110981225 0.30547484125 0.2969051275 0.30979929125 0.29477677625 0.3120032625 0.29403777875 0.3190343525 0.3011940075 0.32195455125 0.3043395275 0.32699553000000003 0.306046175 0.32753150374999995 0.30766446125 0.32770159249999997 0.31642365125 0.318631185 0.316352515 0.31455572 0.32436117125 0.3062625125 0.324290035 0.30218704625000004 0.32825879375 0.29600271 0.327186575 0.29296389375
0 0.0772356 0.32899023875 0.071338575 0.322666455 0.06522816749999999 0.32245307375000004 0.06326249375 0.32034514375 0.061171253749999994 0.3222952575 0.060747455 0.32632743 0.061852896250000004 0.33151199124999997 0.07091181375 0.334887265 0.0738603275 0.33804915874999997 0.07659545875 0.3473214575 0.08680075375 0.34973575500000004 0.09619180875 0.35072279375 0.09794631625 0.34908668875 0.0981596975 0.34297628375 0.08931415875000001 0.33349060375 0.0772356 0.32899023875
0 0.63267192875 0.45658061625 0.6220135987500001 0.45919883125 0.6159589725 0.45834790875000003 0.61135527125 0.46181704500000004 0.5891549687500001 0.45869699750000004 0.5805148475 0.46159885375000004 0.57446022 0.46074793125 0.5571799825 0.46655164125 0.551956295 0.47204901499999996 0.5514223575 0.47712910000000003 0.5568620575 0.478324965 0.56551308125 0.479234225 0.5828494225 0.47427539125 0.5917731825 0.469355325 0.59782781 0.4702062475 0.60646793 0.46730439124999995 0.62491545625 0.46783895125 0.63468626625 0.46222616250000004 0.63515014125 0.45781269625 0.63267192875 0.45658061625
0 0.8136289537499999 0.39616484375 0.8092842299999999 0.39754015625 0.8019700949999999 0.40463550249999997 0.78427237875 0.4121496975 0.7714476324999999 0.42146742000000004 0.76349585625 0.4325886725 0.7595891949999999 0.433825315 0.7595371900000001 0.43432010499999996 0.764087875 0.43851789375000005 0.776139575 0.43978457875 0.78712303125 0.4332356775 0.86108336625 0.42225191625 0.864581025 0.41971071875 0.8691445375000001 0.403925925 0.86459038875 0.4001094475 0.8528314987500001 0.39618357375 0.83746555625 0.40200363875 0.8136289537499999 0.39616484375
0 0.46820203125 0.3602533825 0.4599836975 0.36200567749999996 0.45801802125 0.35989774875 0.44987081250000005 0.35961324125 0.44776288375 0.36157891625 0.43547094625 0.3631889575 0.42184053624999995 0.373929045 0.41853639000000004 0.38095116375000004 0.41122976625 0.3857942225 0.40672940250000006 0.39787278125000003 0.407912685 0.42238553250000005 0.39919646375 0.43839544125 0.39905421124999996 0.442469045 0.39167645874999996 0.44934890875 0.37897531749999996 0.45562641249999997 0.37873842125 0.45788033 0.37888034 0.4583614475 0.4092787425 0.46155644875 0.42405191000000003 0.45659734125 0.42735605875 0.449575225 0.44625628874999995 0.43392094875 0.46326197125 0.41412194375 0.47183593875 0.4021856375 0.474441755 0.38596235 0.47654968375 0.38399667375 0.46820203125 0.3602533825
0 0.12477380125 0.27920530625 0.12351824374999999 0.29115114 0.12384812125 0.29167905375000003 0.12314069999999999 0.294743235 0.12278421625 0.29813494375 0.12535942249999998 0.30225613500000004 0.13751126375 0.303533345 0.13790074875 0.30328996750000004 0.13179135625000002 0.29351289375 0.1325563075 0.2811395825 0.12827947625 0.27701472 0.12477380125 0.27920530625
0 0.72400086875 0.42513072125 0.69562102625 0.42174375875000003 0.6696458862500001 0.41534077750000004 0.6523604487500001 0.4178392075 0.62750220625 0.43107304 0.59497278 0.44544539875 0.5947968475 0.4471192825 0.60827331 0.44853571625 0.625297385 0.44559485375 0.658127935 0.44463707375 0.66873728625 0.44865575 0.69946882125 0.45342435000000003 0.75236871625 0.45761423625 0.76224024625 0.4526581625 0.7625254725 0.44301907 0.76383374125 0.43271566499999997 0.7508726575 0.4273153175 0.72400086875 0.42513072125
0 0.111158675 0.33699378875 0.1134055175 0.34587214000000005 0.124036635 0.35490628874999997 0.13135382 0.35567535624999996 0.1611494675 0.3533952875 0.15957303375 0.34342352374999996 0.14847320375 0.31881076 0.1365694925 0.31259209125000004 0.12017696375 0.31555638874999997 0.11228448875 0.32628238375 0.111158675 0.33699378875
0 0.21002942624999998 0.29607268625 0.21551087124999999 0.27842565625 0.20338246125 0.27972822625 0.20246948125 0.28140514375 0.20102730624999998 0.29512652500000003 0.21002942624999998 0.29607268625