0 0.10402302569793073 0.7869470315447571 0.11595709365066695 0.8014122212048016 0.1333157216920626 0.7912865725507997 0.1344006694674799 0.7695887086008786 0.12029676556005145 0.7609096265887935 0.10836269760731536 0.778267870072818
0 0.3485581874847412 0.8736120114723841 0.3275155330698084 0.8925431385506742 0.3340249813377426 0.9156874896826579 0.34595898969433625 0.9315992459846195 0.35029866160372064 0.9214735973306175
0 0.3795913575978524 0.9026687872046762 0.3785064694185775 0.9504040561105608 0.37959135759785234 0.9735484072425445 0.40237460532404984 0.9619762714064796 0.4175633974107532 0.9315992459846195 0.3991198215939402 0.9113479486766153
0 0.3846909999847412 0.7863724281390508 0.4110539491428189 0.7927331391927165 0.43600697322756615 0.7941796263747793 0.4783185657575662 0.786947031544757 0.47397901304046675 0.7623561137708562 0.46421478104242286 0.7464443574688947 0.4609599973123132 0.7189604653308682 0.43600697322756615 0.7218535191548481 0.42515785305024745 0.7305326011669332 0.4273276294087969 0.7348722216328298 0.41322372550136854 0.7261930601608906 0.40237460532404973 0.7377652754568095 0.3882707014166213 0.7478909241108115 0.3861009250580717 0.7811609238967975
0 0.47723367757829144 0.7435513036449151 0.49025269330644505 0.7739283290667753 0.515205717391192 0.7941796263747796 0.5423286370267741 0.7609096265887937 0.5444984133853238 0.7261930601608907 0.5510078616532581 0.7044951962109696 0.5455833015645986 0.6914764937329879 0.5293096212986207 0.6871369527269453 0.5097811573025327 0.679904357896923 0.5000169253044888 0.6726717630669007 0.47397901304046675 0.6755648168908804 0.47397901304046675 0.7001556552049272 0.47723367757829144 0.7334256549909131
0 0.5350816249847412 0.6822057614723841 0.5564325409342026 0.690030006550925 0.5618571010228619 0.6755648168908804 0.57813078128884 0.6596530605889189 0.5770458931095652 0.6437413042869574 0.559687205472027 0.6350621428150182 0.5499229734739831 0.6480808452929998 0.5358190695665549 0.6697787092429208
0 0.4273276294087969 0.5743081714311519 0.44034664513695054 0.5714151176071719 0.44685609340488475 0.5916664943750302 0.4652996692216978 0.6090247378590544 0.4913375814857199 0.5844338200851539 0.506526373572423 0.5699686304251091 0.5032717090345985 0.5424847382870828 0.48048846130840095 0.5251264153432043 0.463129773670863 0.5265729819851211 0.443601309674775 0.5366986306391233 0.4273276294087969 0.548270766475188 0.42298795749941254 0.5526103869410847
0 0.5175034999847412 0.5559036781390508 0.5434135252060489 0.5685221432430462 0.5542626453833679 0.548270766475188 0.5369039577458298 0.5352520639972064 0.516290605570467 0.5366986306391234
0 0.613932925550906 0.604685196853012 0.6106782610130814 0.572861684249089 0.5911497970169938 0.5728616842490889 0.5651117655606864 0.5800942790791113 0.5716213330209059 0.6119177916830342
0 0.5412436296552141 0.4542468350352629 0.5716213330209058 0.42676290316730936 0.6030838053735874 0.43833507873330135 0.6236971575489498 0.4701585516072974 0.6345463969185537 0.5092146590412429 0.5976592452849279 0.5395916844631029 0.5542626453833679 0.5265729819851213 0.533649293208005 0.5019820642112206 0.5423286370267741 0.46437248368926504
0 0.6302067250091692 0.5656290894190668 0.6497351890052572 0.5873268739091334 0.6627540855411256 0.59455954819901 0.6801127731786636 0.6133642788650971 0.7169998056200045 0.5873268739091334 0.7376132769876523 0.5526103869410847 0.7441227252555865 0.539591684463103 0.7245942612594989 0.5135542795071395 0.6985563489954766 0.4933029027392813 0.6681786456297851 0.4976425232051779 0.6584144136317411 0.5207868743371618 0.6291217176376096 0.5309125229911638
0 0.6366441249847412 0.48298701147238415 0.6269519412790598 0.4484607273873033 0.6605843091825756 0.4397816056452913 0.6692636530013448 0.48317725408527923
0 0.6464804052751474 0.3616693907774007 0.6887921169974326 0.3703485125194128 0.6920467815352571 0.3182737026074856 0.6660088692712351 0.32984587817347744 0.6280368294583345 0.3226132833434551 0.6215273811904005 0.3385250396454167
0 0.7010972499847412 0.33975784480571747 0.6996412371747514 0.3746880932553823 0.7278490449896082 0.3443111075634492
0 0.8798081874847412 0.40225784480571747 0.8775671894980913 0.42965595699128917 0.900350437224289 0.431102483903279 0.900350437224289 0.4050650392173884 0.8786521968696519 0.40072549821134584