0 0.45521768284512437 0.37166083944477113 0.49632764979809824 0.3729977489391768 0.49532496767729395 0.3917144818608559 0.4812874179860346 0.39037757236645027 0.4812874179860346 0.4064204862993181 0.4542150007243202 0.40240975781610117 0.45622036496592866 0.4224634002321859 0.4812874179860346 0.42781103820980854 0.5244027491806168 0.42647412871540286 0.5264081134222254 0.41845267174896894 0.5825583121872627 0.4331586761874312 0.625673643381845 0.4425170426482708 0.6407138751939085 0.418452671748969 0.6547514248851678 0.40909430528812946 0.637705828831496 0.387703753377639 0.6527460606435594 0.37032392995036556 0.650740696401951 0.35160719702868637 0.6336951003482789 0.3395750115790355 0.6196575506570196 0.35160719702868637 0.6076253652073687 0.3369011925902243 0.6106334115697815 0.3061522742188943 0.5935878155161094 0.27406644635315863 0.6076253652073687 0.22192697607133818 0.5925851333953052 0.1938518766888195 0.5594966234087653 0.17379823427273472 0.5223973849390084 0.1938518766888195 0.5254054313014211 0.21791624758812123 0.5655127161335907 0.21657933809371557 0.5775449015832417 0.22593770455455514 0.558493941287961 0.2299484330377721 0.5424510273550933 0.24331752798182862 0.5264081134222254 0.2299484330377721 0.5083598352477491 0.1991995146664421 0.5003383782813152 0.21925315708252688 0.5003383782813152 0.2500020754538569 0.5033464246437279 0.28743554129721516 0.48830619283166427 0.2834248128139982 0.48930887495246855 0.2299484330377721 0.49031155707327284 0.19786260517203644 0.4863008285900559 0.15775532033986692 0.47827937162362194 0.1430493159014047 0.4552176828451245 0.16176604882308385 0.4481989079994947 0.2299484330377721 0.44519086163708205 0.2740664463531586 0.4421828152746693 0.2901093602860264 0.4421828152746693 0.3168475501741394 0.449201590120299 0.326205916634979 0.4542150007243201 0.3369011925902242 0.45722304708673284 0.34759646854546944 0.4542150007243201 0.3596286539951203
0 0.38603261650963194 0.3141737311853282 0.403078212563304 0.3395750115790355 0.4090943052881294 0.3676501109615542 0.40408089468410824 0.3983990293328842 0.38202188802641496 0.40909430528812946 0.37400043105998104 0.39438830084966725 0.37901384166400226 0.38904066287204464 0.3900433449928489 0.3917144818608559 0.40508357680491247 0.38235611540001635 0.3950567555968701 0.3623024729839316 0.37901384166400226 0.34893337803987506 0.3669816562143514 0.3382381020846299
0 0.48830619283166427 0.4732659610196007 0.4752713252612092 0.4893088749524686 0.4933196034356855 0.5040148793909307 0.5143759279725745 0.5000041509077138 0.5113678816101619 0.47727668950281765
0 0.5765422194624373 0.4639075945587611 0.604617318844956 0.47326596101960067 0.5925851333953052 0.4839612369748459 0.5775449015832416 0.48797196545806293 0.5715288088584162 0.479950508491629 0.5775449015832416 0.4625706850643555
0 0.6186548685362154 0.5000041509077138 0.608628047328173 0.5187208838293929 0.5996039082409348 0.541448345234289 0.5855663585496755 0.5320899787734494 0.5625046697711781 0.5347637977622608 0.5655127161335908 0.5427852547286947 0.5865690406704798 0.5427852547286947 0.5775449015832417 0.5548174401783454 0.5925851333953052 0.5548174401783454 0.6407138751939085 0.5508067116951285 0.6738023851804484 0.5441221642231002 0.6587621533683848 0.5307530692790438 0.6437219215563212 0.5187208838293929 0.6367031467106916 0.5387745262454776 0.6326924182274747 0.5387745262454776 0.6296843718650619 0.5187208838293929 0.6196575506570194 0.5000041509077138
0 0.7038828488045755 0.5200577933237985 0.7159150342542266 0.5427852547286947 0.7058882130461841 0.5494698022007228 0.6948587097173375 0.5347637977622608 0.7048855309253799 0.5200577933237985
0 0.6727997030596442 0.5521436211895342 0.61263877581139 0.5548174401783456 0.5815556300664586 0.5628388971447793 0.5815556300664586 0.5788818110776471 0.6226655970194322 0.5788818110776471 0.6316897361066703 0.5628388971447793 0.6447246036771255 0.5655127161335908 0.6527460606435593 0.5628388971447793 0.6647782460932102 0.5721972636056188 0.6758077494220569 0.5681865351224019
0 0.45722304708673284 0.5481328927063172 0.45120695436190744 0.5628388971447793 0.45722304708673284 0.5695234446168077 0.47827937162362194 0.5601650781559682 0.4582257292075371 0.5467959832119116 0.46223645769075405 0.5467959832119116
0 0.39706211983847856 0.5093625173685533 0.38502993438882765 0.5294161597846381 0.3699897025767641 0.533426888267855 0.37400043105998104 0.5401114357398832 0.3689870204559599 0.5588281686615625 0.3699897025767641 0.5641758066391851 0.4000701662008913 0.5615019876503737 0.3940540734760659 0.5534805306839398 0.40708894104652094 0.5494698022007228 0.40708894104652094 0.533426888267855 0.3950567555968701 0.5347637977622608
0 0.667786292455623 0.39438830084966725 0.6617701997307976 0.41845267174896894 0.6447246036771256 0.43850631416505376 0.6517433785227553 0.4545492280979216 0.6808211600260782 0.46257068506435556 0.6908479812341205 0.4465277711314877 0.684831888509295 0.4331586761874312 0.6858345706300992 0.422463400232186 0.7068908951669883 0.4278110382098086 0.7359686766703113 0.4304848571986199 0.7329606303078985 0.39839902933288424 0.7169177163750307 0.39037757236645027 0.7068908951669883 0.3689870204559599 0.6998721203213586 0.38636684388323334 0.6808211600260781 0.39438830084966725 0.6667836103348187 0.39037757236645027
0 0.8852971004263581 0.37804850625816083 0.9124442006097899 0.3619613357790901 0.9305422673987443 0.34587416530001946 0.9456239897228732 0.3297869948209488 0.9576893675821762 0.351906854229671 0.9757874343711308 0.34788506160990335 0.9908691566952594 0.3317978911308327 0.9908691566952594 0.3840811951878124 0.972771089906305 0.3921247804273477