0 0.30911121952971854 0.3132293648159367 0.32416031694481134 0.32827789601484686 0.3350291197282008 0.3301589494984625 0.34129958463885623 0.3263968080879029 0.36763550511526866 0.34269938642366626 0.38686489716206496 0.34896958766460395 0.40609428920886126 0.3571208768324857 0.421143386623954 0.34896958766460395 0.4307580826473522 0.34144533928681303 0.45458583552998266 0.34458043990728193 0.46963493294507563 0.3470885341809883 0.49220857906771487 0.35085067559154787 0.5147822251903541 0.3389372450131067 0.5185444995441274 0.3263968080879029 0.5231428603799616 0.3126023240258461 0.5289952820495866 0.3100942641954678 0.539864084832976 0.31824551892002123 0.5461345267805311 0.3257698017411404 0.5549131822480688 0.33705619152949096 0.5687081729031703 0.3207536131937277 0.5712163404969522 0.3119753176790835 0.5724704472569435 0.2994348807538798 0.5724704472569435 0.2887755145339559 0.5636917917894059 0.27309997698828326 0.5549131822480687 0.26494868782040165 0.5528229890060165 0.25115422098000884 0.5386099780729846 0.24362995538055376 0.5327575564033598 0.2254463235611748 0.5285772617716562 0.2135329102043977 0.5193805860261884 0.20224652041604715 0.5043314886110954 0.18531693573352137 0.48301190332224686 0.16462522686210013 0.46838082618508436 0.1426794622429936 0.4687988923892151 0.11947965909786597 0.4696349329450755 0.09502581742671722 0.4596022166437473 0.0975339030895915 0.45416781525205246 0.11007433140396318 0.4508235611762096 0.11571752629813845 0.44246297191280276 0.12574987756046782 0.4361924840390469 0.13327413454909082 0.42448764069979705 0.13578222021196515 0.412364777082617 0.14017137658011927 0.3994058040202756 0.15083074280004322 0.38895504447791673 0.15647393769421847 0.37808626465762757 0.15710096126264506 0.3651273145583865 0.1533388370737496 0.3530044279781061 0.1439335093798468 0.34631594278952044 0.16211713258839372 0.3471520063084812 0.16964139818784876 0.3567667023318793 0.17653864021887722 0.3530044279781061 0.18907905992241686 0.3475700265864114 0.18531693573352137 0.3404635211198955 0.17403054594517084 0.33168486565235783 0.18531693573352137 0.3367012467661223 0.20224652041604715 0.33920941435990426 0.2129058866359711 0.34297168871367745 0.22481929999274822 0.34924215362433286 0.23108951845535006 0.35384049149706687 0.23986783119165833 0.35551261853498833 0.2423759082437006 0.3479880698274419 0.25115422098000884 0.33879139408197406 0.24927315027472904 0.33084880213339707 0.24488400251740697 0.3270865277796238 0.2379867604863785 0.32039804259103816 0.22983547131849685 0.30952926277074905 0.23986783119165833 0.30242273434113287 0.25491634516890427 0.30033258702528115 0.2705918827145769 0.30242273434113287 0.29128360880766224 0.30534894517594535 0.3013159342374955 0.30869319925178834 0.3176185125732588 0.3078571357328276 0.3151104182995524 0.30827515601075783 0.3107212705422303 0.3103653262897098 0.3088402170586146 0.31078334656764 0.30633212278490823
0 0.37934034845451853 0.37843960927233344 0.38226655928933106 0.3941151468180061 0.38561081336517405 0.3941151468180061 0.388118980958956 0.3878449455770684 0.3897911079968774 0.3796936564091868 0.3910452147568687 0.3696613137576893 0.388118980958956 0.3658991723471299 0.38435670660518273 0.3721694080313958 0.37641413761970616 0.3771855621354803
0 0.3973156567044238 0.37342345516824893 0.3981517202233846 0.3941151468180062 0.401077931058197 0.39975834171218133 0.4056762689309311 0.3978772882285656 0.408184436524713 0.382201750682893 0.40609428920886126 0.371542367241305
0 0.43702857052110794 0.38157470989280234 0.43702857052110794 0.39223409333439035 0.4382826313548987 0.3972502818818031 0.4412088651528114 0.39787728822856566 0.4432990124686631 0.39348814047124364 0.4449711395065846 0.385336851303362 0.4420449057086719 0.3828287570296556
0 0.4554219220120439 0.3803206971992774 0.45374979497412227 0.3941151468180062 0.4566759828458345 0.4022664359858876 0.46211038423752915 0.4010123888490345 0.46378251127545067 0.3978772882285656 0.4642005315533809 0.3903530398507747 0.4633644909975205 0.38157470989280234 0.460856277477538 0.3771855621354803
0 0.4721431005388575 0.3809477035460398 0.4721431005388576 0.39599623474495 0.4721431005388576 0.40477453025959415 0.4759053748926307 0.4054015366063566 0.48301190332224697 0.4016394296391252 0.4834299236001772 0.3959962347449499 0.4834299236001772 0.3865908984402151 0.48259388304431683 0.3753045086518646 0.47674146137469187 0.3753045086518646
0 0.4909544723077236 0.3809477035460398 0.4909544723077236 0.3997583417121814 0.49471674666149684 0.40916367801691617 0.49973312777526135 0.39913133536541884 0.49973312777526135 0.3903530398507747 0.49973312777526135 0.3809477035460398 0.4951348128656277 0.37593151499862715
0 0.4922085790677149 0.42233112128888245 0.49220857906771487 0.4354985990041768 0.4938807061056364 0.441141793898352 0.5001511480531915 0.4423958410352053 0.5030773818511043 0.4323634639403797 0.5047495088890258 0.42045006780526667 0.49973312777526135 0.4166879263947071 0.49471674666149684 0.41794197353156026
0 0.4696349329450755 0.4154338792578539 0.473815227576779 0.42860135697314833 0.4759053748926308 0.4386336996246456 0.4767414613746918 0.4430228473819678 0.4834299236001772 0.43612560535093936 0.4851020506380987 0.42233112128888245 0.4834299236001772 0.41668792639470714 0.47841358841261333 0.41606092004794465 0.4729791870209187 0.41355282577423824
0 0.47257211533247545 0.4577007774233202 0.4729791870209186 0.4731198753364597 0.47465131405884015 0.48189820529443206 0.477159481652622 0.48064415815757894 0.483847989804308 0.4693577683692284 0.48342992360017717 0.4549362779604089 0.48092175600639514 0.454936277960409
0 0.4934626858277062 0.45619029065393385 0.4930446655497759 0.46810372123237515 0.49471674666149673 0.4768820167470193 0.49722496018147927 0.4806441581575789 0.49973312777526135 0.4768820167470193 0.5022412953690432 0.46747668044228446 0.5009872345352525 0.4580713785808779 0.4976429804594095 0.4555632843071714