0 0.353515625 0.3072916666666667 0.3583984375 0.3055555555555556 0.36328125 0.2934027777777778 0.361328125 0.2725694444444444 0.3564453125 0.2638888888888889 0.3447265625 0.2638888888888889 0.33984375 0.2795138888888889 0.341796875 0.3072916666666667
0 1 0.5850694444444444 1 0.5295138888888888 0.9853515625 0.5277777777777778 0.978515625 0.5399305555555556 0.978515625 0.5538194444444444 0.970703125 0.5607638888888888 0.96875 0.5815972222222222 0.9873046875 0.5798611111111112
0 0.537109375 0.5017361111111112 0.541015625 0.4947916666666667 0.533203125 0.484375 0.533203125 0.4496527777777778 0.5224609375 0.4375 0.5146484375 0.4201388888888889 0.5009765625 0.4166666666666667 0.498046875 0.4114583333333333 0.498046875 0.3697916666666667 0.4921875 0.3420138888888889 0.490234375 0.3072916666666667 0.4833984375 0.3055555555555556 0.4716796875 0.3333333333333333 0.4677734375 0.3229166666666667 0.4521484375 0.3159722222222222 0.4453125 0.328125 0.4453125 0.3559027777777778 0.4501953125 0.3645833333333333 0.4619140625 0.3645833333333333 0.4716796875 0.3541666666666667 0.474609375 0.3628472222222222 0.46484375 0.390625 0.46875 0.4045138888888889 0.48828125 0.4322916666666667 0.501953125 0.4704861111111111 0.509765625 0.4809027777777778 0.5146484375 0.5
0 0.296875 0.359375 0.296875 0.3315972222222222 0.3046875 0.2864583333333333 0.2939453125 0.2604166666666667 0.287109375 0.2586805555555556 0.287109375 0.2482638888888889 0.291015625 0.22743055555555555 0.296875 0.2170138888888889 0.298828125 0.1892361111111111 0.291015625 0.1684027777777778 0.291015625 0.14756944444444445 0.2880859375 0.1388888888888889 0.2646484375 0.13541666666666666 0.2470703125 0.1527777777777778 0.23828125 0.171875 0.228515625 0.2065972222222222 0.23046875 0.2517361111111111 0.236328125 0.2795138888888889 0.2509765625 0.3055555555555556 0.2626953125 0.3159722222222222 0.2685546875 0.3333333333333333 0.2802734375 0.3333333333333333 0.28125 0.3524305555555556 0.2841796875 0.3576388888888889
0 1 0.7204861111111112 0.9990234375 0.6215277777777778 0.9873046875 0.625 0.9794921875 0.6111111111111112 0.9638671875 0.625 0.9541015625 0.625 0.9345703125 0.5902777777777778 0.9111328125 0.5763888888888888 0.9033203125 0.5555555555555556 0.8935546875 0.5555555555555556 0.890625 0.5607638888888888 0.892578125 0.578125 0.8779296875 0.5902777777777778 0.875 0.609375 0.8603515625 0.6180555555555556 0.8515625 0.6371527777777778 0.85546875 0.6579861111111112 0.8740234375 0.6909722222222222 0.8896484375 0.6909722222222222 0.9072265625 0.6805555555555556 0.9267578125 0.6805555555555556 0.9423828125 0.6909722222222222 0.9677734375 0.6840277777777778 0.9775390625 0.6944444444444444 0.9833984375 0.6944444444444444 0.984375 0.7065972222222222 0.9931640625 0.7222222222222222
0 0.828125 0.609375 0.828125 0.5329861111111112 0.8251953125 0.5277777777777778 0.8115234375 0.5243055555555556 0.7998046875 0.5104166666666666 0.7626953125 0.5104166666666666 0.751953125 0.4947916666666667 0.751953125 0.4774305555555556 0.7578125 0.4565972222222222 0.7578125 0.4253472222222222 0.7548828125 0.4166666666666667 0.7490234375 0.4166666666666667 0.7392578125 0.4270833333333333 0.7314453125 0.4166666666666667 0.7255859375 0.4166666666666667 0.7138671875 0.3958333333333333 0.705078125 0.4045138888888889 0.705078125 0.4114583333333333 0.712890625 0.421875 0.712890625 0.4392361111111111 0.7060546875 0.4513888888888889 0.6865234375 0.4618055555555556 0.6513671875 0.4548611111111111 0.6435546875 0.4548611111111111 0.640625 0.4600694444444444 0.638671875 0.4704861111111111 0.6416015625 0.4791666666666667 0.6533203125 0.4826388888888889 0.6748046875 0.5243055555555556 0.6904296875 0.5381944444444444 0.6923828125 0.5347222222222222 0.7001953125 0.5416666666666666 0.7158203125 0.5416666666666666 0.7236328125 0.5555555555555556 0.7490234375 0.5486111111111112 0.7841796875 0.5972222222222222 0.8037109375 0.6111111111111112
0 0.8463183335588242 0.4280522358243647 0.8845073510075799 0.397193122171014 0.9174887144881602 0.3632480420601627 0.9131490664172327 0.321588194130621 0.8879789931812594 0.309244540193563 0.8619411047556944 0.35553327424147224 0.8419786854878966 0.3817635441550442 0.8419786854878966 0.4049078899897045
0 0.8936902999877929 0.46935281223720976 0.8931866471494349 0.5314304381963744 0.90099803274787 0.551488817573534 0.9122811558738129 0.5283445141174626 0.9166208039447403 0.4913135099276996 0.909677328889725 0.4681691217144506
0 0.9400549607400457 0.35399031220201643 0.9704325925903662 0.34473253996528125 0.9825836262597288 0.3262170802489886 0.9773759722915534 0.3030726920357395 0.936583223212538 0.3277600422884445 0.9331114856850304 0.33238888602822325 0.9296397481575228 0.3524473501625606
0 0.5607688039442322 0.48359874210900916 0.5555611499760568 0.5067430455650807 0.5746556587004347 0.5067430455650807 0.5772594856845223 0.5005712821644348 0.5694481000860873 0.48514166176987616
0 0.28744029998779297 0.36796392334832084 0.2977854252276978 0.3956501601315581 0.31514406518832183 0.38793534993427886 0.3186158027158294 0.3632480420601627 0.3108044171173943 0.3462755020047371 0.3029930315189592 0.34318957792582544 0.2951816459205241 0.3509043881231047