0 0.08203125 0.4739583333333333 0.083984375 0.4670138888888889 0.072265625 0.4461805555555556 0.072265625 0.4079861111111111 0.076171875 0.3940972222222222 0.0693359375 0.3854166666666667 0.0595703125 0.3854166666666667 0.0537109375 0.3993055555555556 0.046875 0.4045138888888889 0.044921875 0.4253472222222222 0.0693359375 0.4722222222222222
0 0.125 0.453125 0.1376953125 0.4479166666666667 0.1484375 0.4322916666666667 0.1376953125 0.4305555555555556 0.1298828125 0.4166666666666667 0.1240234375 0.4166666666666667 0.123046875 0.4322916666666667 0.115234375 0.4392361111111111 0.115234375 0.453125
0 0.22265625 0.3836805555555556 0.2294921875 0.3715277777777778 0.2412109375 0.3819444444444444 0.2509765625 0.3819444444444444 0.25390625 0.3732638888888889 0.2431640625 0.3506944444444444 0.2158203125 0.3541666666666667 0.2119140625 0.34375 0.2080078125 0.34375 0.20703125 0.3524305555555556 0.21484375 0.3802083333333333 0.2177734375 0.3854166666666667
0 0.189453125 0.4045138888888889 0.197265625 0.390625 0.1953125 0.3732638888888889 0.1787109375 0.3611111111111111 0.17578125 0.3697916666666667 0.17578125 0.390625 0.1669921875 0.3958333333333333 0.1640625 0.4045138888888889
0 0.333984375 0.4079861111111111 0.341796875 0.3975694444444444 0.3388671875 0.3819444444444444 0.3212890625 0.3715277777777778 0.3134765625 0.3715277777777778 0.310546875 0.3767361111111111 0.310546875 0.390625 0.3154296875 0.3993055555555556 0.3291015625 0.4097222222222222
0 0.51171875 0.5885416666666666 0.51953125 0.5815972222222222 0.521484375 0.5295138888888888 0.5126953125 0.5138888888888888 0.5068359375 0.5138888888888888 0.4853515625 0.4652777777777778 0.4755859375 0.4583333333333333 0.46484375 0.4878472222222222 0.46484375 0.5017361111111112 0.474609375 0.5260416666666666 0.478515625 0.5677083333333334 0.4873046875 0.5868055555555556
0 0.5859375 0.5746527777777778 0.587890625 0.546875 0.59765625 0.5364583333333334 0.59765625 0.4878472222222222 0.5869140625 0.4722222222222222 0.5830078125 0.4722222222222222 0.580078125 0.4809027777777778 0.58203125 0.5017361111111112 0.568359375 0.5295138888888888 0.564453125 0.5538194444444444 0.5751953125 0.5694444444444444
0 0.640625 0.5086805555555556 0.640625 0.4392361111111111 0.6357421875 0.4340277777777778 0.6328125 0.4461805555555556 0.623046875 0.4565972222222222 0.623046875 0.4913194444444444 0.6298828125 0.5069444444444444
0 0.7109375 0.6684027777777778 0.72265625 0.6579861111111112 0.720703125 0.6302083333333334 0.7041015625 0.6076388888888888 0.6826171875 0.5625 0.6767578125 0.5590277777777778 0.6708984375 0.5451388888888888 0.6591796875 0.5381944444444444 0.64453125 0.5746527777777778 0.6484375 0.5920138888888888 0.6923828125 0.6631944444444444 0.7041015625 0.6701388888888888
0 0.802734375 0.7274305555555556 0.8154296875 0.71875 0.8203125 0.7065972222222222 0.82421875 0.6857638888888888 0.8193359375 0.6770833333333334 0.7861328125 0.6805555555555556 0.7646484375 0.6701388888888888 0.7578125 0.6788194444444444 0.7578125 0.6892361111111112 0.765625 0.7065972222222222 0.7802734375 0.7256944444444444
0 0.865234375 0.7274305555555556 0.8779296875 0.7222222222222222 0.8828125 0.703125 0.8681640625 0.6770833333333334 0.8603515625 0.6736111111111112 0.8544921875 0.6597222222222222 0.8505859375 0.6597222222222222 0.84765625 0.6649305555555556 0.84765625 0.6996527777777778 0.8369140625 0.7048611111111112 0.833984375 0.7135416666666666 0.8427734375 0.7256944444444444
0 0.970703125 0.8142361111111112 0.9873046875 0.8020833333333334 0.9970703125 0.8020833333333334 0.998046875 0.796875 0.9892578125 0.7986111111111112 0.9736328125 0.7847222222222222 0.9462890625 0.7916666666666666 0.9404296875 0.78125 0.9267578125 0.7743055555555556 0.923828125 0.7621527777777778 0.9072265625 0.7326388888888888 0.8857421875 0.7083333333333334 0.8828125 0.7100694444444444 0.9365234375 0.8020833333333334 0.9541015625 0.8159722222222222
0 0.721034049987793 0.41518614557054306 0.723071985070702 0.44348181384033447 0.7326192871098048 0.45119662403761374 0.7386947562675721 0.45736842981684844 0.7430344043384995 0.43885297010055574 0.7439023148819196 0.42033746800567423 0.7308833706691372 0.41570858188730664
0 0.09816113719589219 0.3138734263119305 0.08687801406994948 0.33084592398876733 0.07993453901493423 0.3138734263119305 0.08774592461336934 0.2969008862565049 0.09468939966838459 0.3030726920357395
0 0.06556529998779297 0.3207417011260986 0.06431176781806398 0.3462755020047371 0.06951937410932539 0.3678769281785304 0.07472698040058683 0.3632480420601627 0.07993453901493426 0.34010369622550246 0.07472698040058681 0.32313115617007687
0 0.785096549987793 0.6499083677927653 0.7977141035275457 0.6425233660084855 0.7985821094247936 0.6240078215350152 0.7907707238263585 0.6132071296374131 0.785563069858183 0.6286367500319717 0.7786195948031677 0.6440662856693526
0 0.8194715499877929 0.6318528122372098 0.8332992939922136 0.6286367500319717 0.8341672998894616 0.6178359733771919 0.8280917353778662 0.602406437739811 0.820280349779431 0.6085782858976343
0 0.891346549987793 0.5804639233483209 0.9053376808187975 0.5854338976843854 0.9053376808187975 0.5715472817078713 0.8957903787796946 0.5592036701494021
0 0.949159049987793 0.6401861455705431 0.954809821393496 0.6718395176223806 0.9660928491656107 0.6857261335988943 0.9730363242206259 0.6702965979615134 0.9713005031337861 0.6456092053302197 0.963489117535351 0.6425233660084855
0 0.9796277999877929 0.23324170112609863 0.9843194473465686 0.2737564980432558 0.9921308329450038 0.2845572323194468 0.9938667493856717 0.26604173022456534 0.9964704810159313 0.2382684982715376 0.9921308329450038 0.22746780637393538