0 0.392578125 0.7517361111111112 0.3974609375 0.7395833333333334 0.3994140625 0.7430555555555556 0.40234375 0.7378472222222222 0.3984375 0.7309027777777778 0.3994140625 0.7256944444444444 0.3896484375 0.7222222222222222 0.384765625 0.7274305555555556 0.384765625 0.7413194444444444 0.3876953125 0.7534722222222222
0 0.951171875 0.5538194444444444 0.953125 0.5503472222222222 0.953125 0.5364583333333334 0.9404296875 0.5208333333333334 0.935546875 0.5329861111111112 0.935546875 0.546875 0.93359375 0.5503472222222222 0.9384765625 0.5555555555555556
0 0.9268663194444444 0.5461033950617283 0.9288194444444444 0.5426311728395061 0.9288194444444444 0.5252700617283951 0.9258897569444444 0.5200617283950617 0.9141710069444444 0.5200617283950617 0.9102647569444444 0.5027006172839505 0.9092881944444444 0.5183256172839505 0.9073350694444444 0.5217978395061728 0.9073350694444444 0.5461033950617283
0 0.703125 0.4878472222222222 0.708984375 0.4739583333333333 0.708984375 0.453125 0.7060546875 0.4479166666666667 0.6923828125 0.4618055555555556 0.689453125 0.4670138888888889 0.6884765625 0.4756944444444444 0.6826171875 0.4756944444444444 0.6806640625 0.4791666666666667 0.6787109375 0.4756944444444444 0.671875 0.4774305555555556 0.6767578125 0.4895833333333333 0.6865234375 0.4895833333333333 0.6884765625 0.4861111111111111
0 0.83203125 0.9253472222222222 0.8583984375 0.9236111111111112 0.8603515625 0.9201388888888888 0.8681640625 0.9201388888888888 0.875 0.9114583333333334 0.8701171875 0.9027777777777778 0.8583984375 0.8958333333333334 0.8447265625 0.90625 0.8408203125 0.9131944444444444 0.8291015625 0.9131944444444444 0.8251953125 0.90625 0.8232421875 0.9097222222222222 0.8173828125 0.90625 0.814453125 0.9149305555555556 0.8154296875 0.9236111111111112 0.8212890625 0.9236111111111112 0.8232421875 0.9270833333333334
0 0.521484375 0.7135416666666666 0.5234375 0.7065972222222222 0.515625 0.6927083333333334 0.515625 0.671875 0.5244140625 0.6631944444444444 0.5341796875 0.6631944444444444 0.537109375 0.6579861111111112 0.537109375 0.6510416666666666 0.53125 0.6371527777777778 0.53125 0.6163194444444444 0.5283203125 0.6111111111111112 0.5126953125 0.6111111111111112 0.501953125 0.6232638888888888 0.498046875 0.640625 0.5 0.6475694444444444 0.5 0.6649305555555556 0.4921875 0.6753472222222222 0.4912109375 0.6840277777777778 0.486328125 0.6822916666666666 0.486328125 0.671875 0.4833984375 0.6666666666666666 0.4677734375 0.6666666666666666 0.45703125 0.6788194444444444 0.45703125 0.6822916666666666 0.4638671875 0.6909722222222222 0.4755859375 0.6944444444444444 0.4775390625 0.6979166666666666 0.4833984375 0.6944444444444444 0.486328125 0.6996527777777778 0.4873046875 0.7118055555555556 0.5029296875 0.7118055555555556 0.5048828125 0.7152777777777778
0 0.734375 0.6684027777777778 0.765625 0.6649305555555556 0.765625 0.6336805555555556 0.767578125 0.6302083333333334 0.767578125 0.6197916666666666 0.7734375 0.609375 0.7734375 0.5885416666666666 0.7646484375 0.5798611111111112 0.7294921875 0.5868055555555556 0.7138671875 0.5763888888888888 0.7109375 0.5815972222222222 0.71484375 0.5954861111111112 0.71484375 0.6059027777777778 0.71875 0.6163194444444444 0.71875 0.6336805555555556 0.7138671875 0.6388888888888888 0.7060546875 0.6388888888888888 0.703125 0.6336805555555556 0.703125 0.5850694444444444 0.7001953125 0.5798611111111112 0.6953125 0.578125 0.701171875 0.546875 0.6923828125 0.5277777777777778 0.6884765625 0.5277777777777778 0.6806640625 0.5173611111111112 0.673828125 0.5190972222222222 0.669921875 0.5399305555555556 0.671875 0.5538194444444444 0.6748046875 0.5590277777777778 0.6806640625 0.5590277777777778 0.685546875 0.5677083333333334 0.6806640625 0.5798611111111112 0.6767578125 0.5798611111111112 0.6708984375 0.5868055555555556 0.6533203125 0.5868055555555556 0.6513671875 0.5902777777777778 0.6396484375 0.5902777777777778 0.6279296875 0.5972222222222222 0.6181640625 0.59375 0.6162109375 0.5972222222222222 0.6103515625 0.5972222222222222 0.6064453125 0.6041666666666666 0.5869140625 0.6006944444444444 0.57421875 0.609375 0.576171875 0.6336805555555556 0.580078125 0.6475694444444444 0.5849609375 0.6527777777777778 0.5888671875 0.6631944444444444 0.591796875 0.6614583333333334 0.591796875 0.6545138888888888 0.5947265625 0.6493055555555556 0.6142578125 0.6493055555555556 0.6162109375 0.6458333333333334 0.6279296875 0.6493055555555556 0.6318359375 0.6423611111111112 0.6376953125 0.6458333333333334 0.6435546875 0.6388888888888888 0.6533203125 0.6388888888888888 0.658203125 0.6475694444444444 0.658203125 0.6614583333333334 0.6669921875 0.6666666666666666 0.6708984375 0.6666666666666666 0.673828125 0.6614583333333334 0.671875 0.6440972222222222 0.6787109375 0.6423611111111112 0.6845703125 0.6493055555555556 0.6904296875 0.6458333333333334 0.6982421875 0.6527777777777778 0.7060546875 0.6666666666666666
0 0.6015625 0.4774305555555556 0.607421875 0.4670138888888889 0.6064453125 0.4583333333333333 0.58984375 0.4704861111111111 0.5908203125 0.4791666666666667
0 0.630859375 0.6996527777777778 0.634765625 0.6961805555555556 0.6318359375 0.6840277777777778 0.6279296875 0.6840277777777778 0.6162109375 0.6736111111111112 0.611328125 0.6753472222222222 0.6240234375 0.7013888888888888
0 0.1825978464933852 0.41531403633097896 0.17185201494486832 0.4256004095667906 0.1751584316377328 0.4402952457724761 0.18921063447252925 0.44029524577247603 0.20243630124398687 0.44029524577247603 0.20160967436747837 0.42706989722341526 0.18259784649338523 0.41825297128366756
0 0.23467375048295283 0.41825297128366756 0.23219396066659684 0.43294780748935296 0.23219396066659684 0.4417647334291008 0.2512057885406899 0.43441729514597754 0.24624616350139325 0.4182529712836675
0 0.23219396066659687 0.4652764552139731 0.22888754397373243 0.4785018037630341 0.2313673337900884 0.49025770501603105 0.23963337552224934 0.5064219481572197 0.25947178486626615 0.525525247332779 0.27435061457757104 0.5152388740969673 0.2784836581469439 0.5108304514876543 0.2669111997219186 0.4829102263723471 0.24624616350139333 0.4682154305272224 0.2388067486457408 0.462337479900724
0 0.20232409522646952 0.4972672285857025 0.1925170511653936 0.5299337506632137 0.19251705116539367 0.5622623176667125 0.20656929940677493 0.5798961695462078 0.21483529573235113 0.5225862720195297 0.20904908922313084 0.4990745502346573 0.19995646602104616 0.4829102263723471
0 0.2231013374645122 0.7297834261951905 0.21483529573235113 0.7312529542123759 0.20656929940677488 0.7591730986065616 0.21648850407878328 0.7723984471556223 0.22310133746451208 0.7709289998595584 0.2222747105880036 0.8047270948802425 0.24128653846209677 0.7959101689404948 0.24211316533860525 0.7709289998595584 0.2313673337900883 0.7371308241177529
0 0.5620080495382475 0.26542673932143557 0.557048379092366 0.3139196705478052 0.5537419623995016 0.37416850302717175 0.557048379092366 0.39327176184217044 0.5661410477010355 0.3785769256364848 0.5686207921108066 0.3344924573799891 0.5686207921108066 0.2874689734496834
0 0.46274076189313634 0.6030873344058084 0.44793699148051924 0.6181026871762051 0.43553799699215495 0.6372059863517643 0.4743882342102649 0.660717708136637 0.4810010675959936 0.6416144089610776 0.46777540082453606 0.5975299407045818
0 0.40247392087668055 0.6166332398801414 0.38594183741235855 0.6445533842743267 0.3958610874909517 0.6533703102140747 0.4181793320579093 0.6592482608405732 0.42561874691356183 0.6327975637424514 0.4082600819793162 0.6195722151933905
0 0.7752407618931364 0.4932989746174485 0.7579125801949834 0.5402201238990253 0.7711382469664411 0.5813656168422717 0.7810574970450344 0.5769571942329587 0.7843639137378986 0.5284642226460283 0.7843639137378986 0.49907455023465735