0 0.86328125 0.6927083333333334 0.8671875 0.6892361111111112 0.865234375 0.6579861111111112 0.8623046875 0.6527777777777778 0.8544921875 0.6631944444444444 0.8466796875 0.6631944444444444 0.84375 0.6579861111111112 0.845703125 0.6336805555555556 0.8369140625 0.5972222222222222 0.8291015625 0.5972222222222222 0.81640625 0.609375 0.81640625 0.6197916666666666 0.810546875 0.6302083333333334 0.8125 0.6545138888888888 0.8076171875 0.6631944444444444 0.7978515625 0.6701388888888888 0.794921875 0.6788194444444444 0.7978515625 0.6875 0.8173828125 0.6875 0.8232421875 0.6909722222222222 0.826171875 0.6857638888888888 0.828125 0.6857638888888888 0.8310546875 0.6909722222222222 0.8388671875 0.6909722222222222 0.8408203125 0.6944444444444444 0.8525390625 0.6875 0.8544921875 0.6909722222222222
0 0.3671875 0.5086805555555556 0.3798828125 0.4965277777777778 0.384765625 0.484375 0.384765625 0.4704861111111111 0.3759765625 0.4479166666666667 0.3642578125 0.4513888888888889 0.361328125 0.4635416666666667 0.361328125 0.5052083333333334 0.3642578125 0.5104166666666666
0 0.78515625 0.4878472222222222 0.7890625 0.4774305555555556 0.7890625 0.4635416666666667 0.7861328125 0.4583333333333333 0.7822265625 0.4583333333333333 0.77734375 0.484375 0.7802734375 0.4895833333333333
0 0.75390625 0.5121527777777778 0.755859375 0.5086805555555556 0.755859375 0.4774305555555556 0.7509765625 0.4722222222222222 0.73828125 0.4982638888888889 0.73828125 0.5086805555555556 0.7412109375 0.5138888888888888
0 0.806640625 0.5850694444444444 0.810546875 0.5746527777777778 0.80859375 0.5572916666666666 0.806640625 0.5503472222222222 0.7998046875 0.5416666666666666 0.79296875 0.5607638888888888 0.79296875 0.5711805555555556 0.7958984375 0.5833333333333334 0.7998046875 0.5868055555555556
0 0.23828125 0.4427083333333333 0.2314453125 0.4270833333333333 0.2255859375 0.4305555555555556 0.2197265625 0.4270833333333333 0.212890625 0.4357638888888889 0.2138671875 0.4444444444444444
0 0.28714552379789815 0.5012354825539564 0.32146693893442685 0.5152388740969674 0.3346925602992996 0.5225862720195297 0.33634576864573185 0.5387505958818398 0.3503980168871132 0.5637318456838978 0.3057614823466134 0.5798961695462078 0.28674965447252027 0.5798961695462078 0.28261665630973204 0.5637318456838978 0.27931023961686774 0.5402201238990252 0.26112499321269833 0.5328726452553413 0.2602984117427746 0.5122998987837181 0.27683044980051175 0.49760510293859345
0 0.13134852397374147 0.5387505958818399 0.09993765620469931 0.5622623176667124 0.07513962182138588 0.5813656168422717 0.09497807657198744 0.609285841957579 0.1288687341573855 0.6210416624894544 0.1462273536850465 0.6298585884292022 0.17019880659843617 0.6034078913310804 0.16027960192642776 0.5460979938044024 0.13382835919668215 0.5299337506632136
0 0.12717528570265998 0.4496481809666549 0.11894952948537715 0.45352059432153696 0.12060269242522453 0.4843797543895326 0.13465494066660585 0.49319659960815865 0.15201356019426673 0.49319659960815865 0.1528401870707753 0.4785018037630341 0.13878793882939397 0.45499008197816154 0.13713473048296176 0.45352059432153696
0 0.18744314284551716 0.43774341906189296 0.17267864182137688 0.4593985045874747 0.18755747153268185 0.4829102263723472 0.1999564660210462 0.47409338115372096 0.21483529573235113 0.49319659960815865 0.22888754397373248 0.4946661276253442 0.21731513095529184 0.5152388740969674 0.21566192260885972 0.5328726452553414 0.213182087385919 0.566670820997147 0.2330205421365205 0.572548690902524 0.23880674864574084 0.5431590992122745 0.23880674864574084 0.5020135255479065 0.2421131653386053 0.4417647334291007 0.24045995699217304 0.4270698972234153 0.22062150224157145 0.41531403633097896 0.20491609106034273 0.4300088725366644 0.19747667620469028 0.43441729514597766
0 0.25699199504991027 0.4858492016855963 0.27352403310764745 0.4858492016855964 0.2826166563097321 0.47409338115372096 0.27848365814694404 0.44764264369503853 0.26939103494485933 0.44029524577247614 0.26112499321269833 0.43735627045922687
0 0.69757067987984 0.6386754336478283 0.7149293448140855 0.6342670110385152 0.7157559262840092 0.6519008629180107 0.7017036780426279 0.6621872361538222 0.6934376817170518 0.6563092855273237
0 0.5215205237978982 0.6599656412841152 0.5694474643938999 0.6768820319989471 0.5942454533706285 0.6768820319989471 0.601684868226281 0.672473609389634 0.6289627832391199 0.6563092855273237 0.6388819425045434 0.6460229122915123 0.6388819425045434 0.6298585884292021 0.6322691999319843 0.6122247365497067 0.5992051238165098 0.6107552892536428 0.5644877939480184 0.6078163139403935 0.5496089642367133 0.6078163139403935 0.5322503901156374 0.6269196131159529 0.5281173011396797 0.6386754336478283 0.5132384714283748 0.6563092855273238
0 0.3481574285598029 0.6030873344058084 0.3553575965198249 0.6269196131159528 0.3834620930025875 0.6342670110385152 0.3900748355751466 0.6298585884292022 0.39420783373793483 0.6210416624894544 0.37271626145407055 0.5989993880006456 0.3561841779897485 0.6034078913310804
0 0.3735428429239943 0.525525247332779 0.419005913527833 0.5549149197441501 0.4330581617692142 0.5490369691176515 0.4404975766248668 0.5284642226460283 0.40826008197931607 0.4990745502346573 0.38842167263529925 0.48878817699884564 0.36775659100818925 0.5181778494102167
0 0.8025490693288986 0.5372811485857759 0.839746143607161 0.5549149197441501 0.8529718103786187 0.5534454724480862 0.86702405862 0.525525247332779 0.8521452289086948 0.5020135255479065 0.8116417379375679 0.5020135255479065 0.7884969119006869 0.5167084021141528 0.7951096544732459 0.524055800036715
0 0.8413993973601781 0.49760510293859334 0.929019121874991 0.5049525008611557 0.9364585367306435 0.49466612762534423 0.9166201273866267 0.4623374799007239 0.9017412976753216 0.47115440584047164 0.8959551365726862 0.4770323564669702 0.8579313900113303 0.47556282844978476 0.839746143607161 0.47556282844978476 0.8265205676488728 0.45792901693085 0.8050289045518392 0.462337479900724 0.8025490693288986 0.46821543052722253 0.8149481546304325 0.4873187297027819 0.8323067287515085 0.49172715231209496
0 0.8827294698012286 0.5064219481572196 0.9149669644467795 0.5122998987837181 0.9298457941580843 0.5034830535650919 0.9405916257066013 0.49319659960815865 0.962083197990465 0.478501803763034 0.9777886999848637 0.46674594287059773 0.9934941111660923 0.45792901693085 0.9992802722687277 0.4799712510590979 0.9959739463890327 0.5754876662157733 0.9835748610874989 0.5828351448594572 0.9521640387250417 0.566670820997147 0.9306723756280079 0.5637318456838979 0.9199265440794908 0.5769571942329587 0.8967817180426095 0.5769571942329587 0.8819028883313046 0.5637318456838979 0.866197477150076 0.5549149197441501 0.8604112252342712 0.5446285465083385 0.8852093050241693 0.5240558000367151 0.8843826327410759 0.5049525008611558