0 0.7421875 0.5711805555555556 0.74609375 0.5572916666666666 0.740234375 0.5295138888888888 0.740234375 0.5121527777777778 0.728515625 0.4947916666666667 0.724609375 0.4774305555555556 0.7265625 0.4600694444444444 0.7216796875 0.4548611111111111 0.71484375 0.4947916666666667 0.70703125 0.5190972222222222 0.708984375 0.5538194444444444 0.7197265625 0.5729166666666666
0 0.783203125 0.5642361111111112 0.7998046875 0.5347222222222222 0.8154296875 0.5555555555555556 0.8232421875 0.5555555555555556 0.826171875 0.5503472222222222 0.830078125 0.5086805555555556 0.8427734375 0.5 0.849609375 0.484375 0.8515625 0.4461805555555556 0.8447265625 0.4340277777777778 0.8408203125 0.4340277777777778 0.8388671875 0.4409722222222222 0.8251953125 0.4375 0.82421875 0.4670138888888889 0.8173828125 0.4652777777777778 0.8037109375 0.5 0.7939453125 0.4791666666666667 0.779296875 0.4913194444444444 0.76953125 0.5190972222222222 0.76953125 0.5295138888888888 0.7734375 0.5364583333333334 0.76953125 0.5642361111111112
0 0.869140625 0.4774305555555556 0.875 0.4670138888888889 0.875 0.4565972222222222 0.87109375 0.4114583333333333 0.8642578125 0.3958333333333333 0.859375 0.4045138888888889 0.859375 0.421875 0.85546875 0.4357638888888889 0.859375 0.4704861111111111 0.8662109375 0.4791666666666667
0 0.556640625 0.3802083333333333 0.564453125 0.3732638888888889 0.564453125 0.3628472222222222 0.5595703125 0.3576388888888889 0.5556640625 0.3645833333333333 0.5498046875 0.3645833333333333 0.546875 0.3559027777777778 0.546875 0.3350694444444444 0.5380859375 0.3333333333333333 0.533203125 0.3454861111111111 0.53515625 0.3663194444444444 0.5458984375 0.3819444444444444
0 0.439453125 0.3628472222222222 0.4501953125 0.3472222222222222 0.4638671875 0.3611111111111111 0.4697265625 0.3611111111111111 0.470703125 0.3524305555555556 0.4658203125 0.3402777777777778 0.4501953125 0.3263888888888889 0.4326171875 0.3229166666666667 0.4267578125 0.3159722222222222 0.427734375 0.3420138888888889 0.431640625 0.3559027777777778 0.4365234375 0.3645833333333333
0 0.23046875 0.3385416666666667 0.236328125 0.3211805555555556 0.2275390625 0.2951388888888889 0.2216796875 0.2951388888888889 0.2109375 0.3072916666666667 0.2109375 0.3177083333333333 0.2158203125 0.3263888888888889 0.2275390625 0.3402777777777778
0 0.931640625 0.6302083333333334 0.93359375 0.6197916666666666 0.9267578125 0.6076388888888888 0.9208984375 0.6111111111111112 0.91796875 0.6059027777777778 0.908203125 0.5711805555555556 0.9033203125 0.5625 0.896484375 0.5642361111111112 0.89453125 0.5295138888888888 0.8857421875 0.5243055555555556 0.876953125 0.5538194444444444 0.8876953125 0.5763888888888888 0.8935546875 0.5798611111111112 0.9248046875 0.6319444444444444
0 0.962890625 0.640625 0.970703125 0.6302083333333334 0.970703125 0.6128472222222222 0.9560546875 0.59375 0.953125 0.5989583333333334 0.953125 0.6371527777777778 0.9560546875 0.6423611111111112
0 0.381971549987793 0.3887972566816542 0.41842794673173217 0.386392387894823 0.42276759480265974 0.3678769281785303 0.4071448236057895 0.35399031220201643 0.39152205240891924 0.3632480420601627
0 0.2474453741095794 0.3154163459727976 0.2717474891252187 0.33084592398876733 0.2821626540308276 0.33084592398876733 0.26914366214113095 0.29844384829596077 0.2535208909442607 0.28610015198031397
0 0.2977854252276978 0.2938149621775932 0.31340819642456796 0.32776004228844446 0.3212195820230031 0.3123304642724747 0.31340819642456796 0.28610015198031397
0 0.951502799987793 0.39296392334832086 0.9669608550628587 0.4373100080610998 0.9843194473465686 0.4697121261324952 0.9929987434884235 0.45119662403761374 0.9886590954174961 0.41570858188730664 0.9695645866931184 0.37867762007613254