0 0.0859375 0.5538194444444444 0.0927734375 0.5520833333333334 0.095703125 0.5434027777777778 0.0927734375 0.5277777777777778 0.0791015625 0.5277777777777778 0.07421875 0.5364583333333334 0.07421875 0.546875 0.0771484375 0.5520833333333334 0.0810546875 0.5555555555555556
0 0.13671875 0.5017361111111112 0.1552734375 0.5 0.162109375 0.484375 0.1572265625 0.4791666666666667 0.1357421875 0.4791666666666667 0.1298828125 0.4826388888888889 0.125 0.4913194444444444 0.125 0.4982638888888889 0.1279296875 0.5034722222222222
0 0.796875 0.5711805555555556 0.8017578125 0.5590277777777778 0.8154296875 0.5590277777777778 0.8212890625 0.5555555555555556 0.826171875 0.546875 0.830078125 0.5329861111111112 0.830078125 0.5086805555555556 0.8271484375 0.5 0.8232421875 0.4965277777777778 0.8134765625 0.4965277777777778 0.8046875 0.5052083333333334 0.806640625 0.5190972222222222 0.8017578125 0.5243055555555556 0.7685546875 0.5277777777777778 0.765625 0.5329861111111112 0.7666015625 0.5659722222222222 0.7744140625 0.5659722222222222 0.7841796875 0.5729166666666666 0.7861328125 0.5694444444444444 0.7900390625 0.5729166666666666
0 0.791015625 0.4149305555555556 0.796875 0.4114583333333333 0.7978515625 0.3958333333333333 0.8095703125 0.3993055555555556 0.8193359375 0.3888888888888889 0.8251953125 0.3888888888888889 0.828125 0.3836805555555556 0.8310546875 0.3680555555555556 0.8369140625 0.3715277777777778 0.84375 0.3663194444444444 0.84375 0.3524305555555556 0.8388671875 0.34375 0.8291015625 0.3472222222222222 0.8251953125 0.3402777777777778 0.7939453125 0.3368055555555556 0.7919921875 0.3333333333333333 0.7646484375 0.3541666666666667 0.7548828125 0.3541666666666667 0.7529296875 0.3506944444444444 0.7490234375 0.3611111111111111 0.7373046875 0.3611111111111111 0.734375 0.3663194444444444 0.734375 0.3836805555555556 0.7373046875 0.3888888888888889 0.7490234375 0.3888888888888889 0.7509765625 0.3958333333333333 0.7646484375 0.3993055555555556 0.7685546875 0.40625 0.7724609375 0.40625 0.7763671875 0.4131944444444444 0.7822265625 0.4166666666666667
0 0.380859375 0.4739583333333333 0.3876953125 0.4722222222222222 0.390625 0.4670138888888889 0.388671875 0.4635416666666667 0.390625 0.4288194444444444 0.3984375 0.4149305555555556 0.3984375 0.4079861111111111 0.3916015625 0.3888888888888889 0.3818359375 0.3888888888888889 0.376953125 0.3836805555555556 0.376953125 0.3663194444444444 0.384765625 0.3559027777777778 0.38671875 0.328125 0.3837890625 0.3229166666666667 0.3779296875 0.3263888888888889 0.3642578125 0.3263888888888889 0.359375 0.3142361111111111 0.359375 0.3038194444444444 0.3564453125 0.3020833333333333 0.357421875 0.3072916666666667 0.3515625 0.3211805555555556 0.345703125 0.3524305555555556 0.34765625 0.4079861111111111 0.345703125 0.4114583333333333 0.34375 0.4392361111111111 0.3466796875 0.4444444444444444 0.3564453125 0.4479166666666667 0.359375 0.4635416666666667 0.3642578125 0.4722222222222222
0 0.12473573599459753 0.32273659648755293 0.11729632113894492 0.34477883061580067 0.12556231746452115 0.36682106474404863 0.11812290260886868 0.385924363919608 0.10985690628329246 0.4006192001252935 0.1487071889079872 0.4020886877819182 0.1949968863883344 0.3947412494987949 0.19417025951182582 0.3785769256364848 0.17515843163773273 0.36241264213473545 0.1883840530026055 0.33155348206673985 0.18507763630974108 0.31685864586105444 0.1553199768871311 0.31391967054780506 0.1354815221365295 0.3153891582044298
0 0.22392791893443584 0.4226614342535413 0.22723433562730022 0.46527645521397315 0.2412865384620967 0.46968487782328633 0.23963337552224934 0.42853938488003984
0 0.2710441978847067 0.47115440584047175 0.28426986465616444 0.5122998987837181 0.30410827400018103 0.5328726452553414 0.32146693893442685 0.5490369691176515 0.33882555846208773 0.5328726452553414 0.31816052224156244 0.49172715231209496 0.31072110738590997 0.4843797543895326 0.3214669389344269 0.45499008197816154 0.2974954860210372 0.4402952457724761 0.28509644612608803 0.4579290169308501 0.2751772414540797 0.46674594287059784
0 0.5339035530554848 0.6327975637424514 0.5206778862840271 0.6548397575101385 0.5372099697483491 0.6695346340763846 0.5603547957852304 0.672473609389634 0.5768868792495526 0.6592482608405731 0.5620080495382476 0.6283890604120166 0.53968980497129 0.6269196131159529
0 0.6066445386721624 0.613694264566892 0.5992051238165099 0.6445533842743267 0.6066445386721624 0.6856989579386947 0.6173903702206794 0.6665956587631354 0.6215233683834674 0.6430839369782629 0.6107775368349505 0.6151637118629558
0 0.8496653936857541 0.5372811485857759 0.8232141509560086 0.5813656168422718 0.809988484184551 0.6195722151933905 0.7934564915333985 0.6519008629180107 0.8323067287515085 0.6783515600161326 0.8529718103786185 0.660717708136637 0.9157935459167028 0.676882031998947 0.95629703688783 0.6827599826254457 0.9720024480690586 0.6739430566856979 0.9926675296961688 0.6225111905066397 0.9794418629247108 0.5945909653913327 0.9314989570979315 0.572548690902524 0.8860358864940928 0.5563844477613354 0.8496653936857541 0.537281148585776
0 0.848157428559803 0.4350979164163903 0.86702405862 0.49319659960815876 0.8934753013497454 0.5196472967062805 0.9224063793024317 0.5269947753499644 0.9529906201949655 0.5505064971348368 0.9753088647619229 0.5607928703706486 0.9686960313761943 0.5225862720195298 0.9414182071765249 0.4829102263723472 0.9273659589351434 0.47409338115372096 0.8893423031869573 0.47409338115372096 0.8628910604572118 0.44617315603841384 0.8513186474387713 0.4270698972234152