0 0.140625 0.6128472222222222 0.1455078125 0.6111111111111112 0.1484375 0.6059027777777778 0.1484375 0.5989583333333334 0.1455078125 0.59375 0.1357421875 0.59375 0.1298828125 0.5972222222222222 0.125 0.6059027777777778 0.1279296875 0.6145833333333334
0 0.857421875 0.4982638888888889 0.865234375 0.484375 0.861328125 0.4809027777777778 0.8583984375 0.46875 0.8408203125 0.4722222222222222 0.833984375 0.4878472222222222 0.833984375 0.4913194444444444 0.8388671875 0.4965277777777778 0.8466796875 0.4965277777777778 0.8486328125 0.5
0 0.681640625 0.6440972222222222 0.68359375 0.6336805555555556 0.673828125 0.6197916666666666 0.673828125 0.6059027777777778 0.6708984375 0.6006944444444444 0.6552734375 0.5972222222222222 0.6513671875 0.5868055555555556 0.6484375 0.5920138888888888 0.650390625 0.609375 0.6611328125 0.6319444444444444 0.6728515625 0.6458333333333334
0 0.578125 0.5815972222222222 0.580078125 0.578125 0.5791015625 0.5555555555555556 0.5634765625 0.5555555555555556 0.5595703125 0.5625 0.5498046875 0.5520833333333334 0.5439453125 0.5520833333333334 0.5419921875 0.5486111111111112 0.537109375 0.5538194444444444 0.537109375 0.5677083333333334 0.5419921875 0.5763888888888888 0.5576171875 0.5763888888888888 0.5595703125 0.5729166666666666 0.5654296875 0.5833333333333334
0 0.375 0.7621527777777778 0.376953125 0.7586805555555556 0.376953125 0.7413194444444444 0.3740234375 0.7291666666666666 0.3564453125 0.71875 0.33984375 0.7204861111111112 0.33984375 0.7274305555555556 0.3466796875 0.7430555555555556 0.3505859375 0.7430555555555556 0.3623046875 0.7604166666666666 0.3681640625 0.7638888888888888
0 0.177734375 0.6128472222222222 0.2021484375 0.6076388888888888 0.2060546875 0.6006944444444444 0.2119140625 0.6041666666666666 0.2177734375 0.6006944444444444 0.220703125 0.5954861111111112 0.220703125 0.5885416666666666 0.2158203125 0.5763888888888888 0.2119140625 0.5763888888888888 0.2080078125 0.5798611111111112 0.2060546875 0.5868055555555556 0.1884765625 0.5833333333333334 0.1787109375 0.5902777777777778 0.1689453125 0.5902777777777778 0.166015625 0.5954861111111112 0.166015625 0.609375 0.1708984375 0.6145833333333334
0 0.736328125 0.7482638888888888 0.7451171875 0.7465277777777778 0.7470703125 0.7430555555555556 0.7587890625 0.7430555555555556 0.763671875 0.7378472222222222 0.765625 0.7239583333333334 0.7607421875 0.7152777777777778 0.7529296875 0.7152777777777778 0.75 0.7100694444444444 0.7490234375 0.6944444444444444 0.7294921875 0.6909722222222222 0.7265625 0.6961805555555556 0.728515625 0.7239583333333334 0.724609375 0.7309027777777778 0.724609375 0.7413194444444444 0.7333984375 0.75
0 0.392578125 0.6996527777777778 0.4013671875 0.6979166666666666 0.4228515625 0.6770833333333334 0.4267578125 0.6770833333333334 0.4345703125 0.6875 0.4404296875 0.6840277777777778 0.443359375 0.6753472222222222 0.44140625 0.671875 0.44921875 0.6579861111111112 0.447265625 0.640625 0.4384765625 0.625 0.4248046875 0.6354166666666666 0.421875 0.640625 0.419921875 0.6579861111111112 0.4150390625 0.6666666666666666 0.392578125 0.6857638888888888 0.388671875 0.6996527777777778
0 0.22723433562730025 0.6563092855273238 0.20739588087669858 0.6651262114670715 0.1966500493281817 0.6812904546082602 0.19830325767461385 0.7033327290970687 0.22144812911807985 0.7165580776461297 0.23302054213652043 0.694515803157321 0.23550033195287648 0.6651262114670716 0.23302054213652051 0.6621872361538222
0 0.26112499321269833 0.5989993880006458 0.26443140990556274 0.5916519900780834 0.26277820155913056 0.5784266415290225 0.23715354029930868 0.5754876662157734 0.22723433562730017 0.581365616842272 0.22723433562730017 0.5989993880006459 0.2487259533177492 0.5989993880006459
0 0.36114384843563 0.5872435674687702 0.3694098447612061 0.6269196131159529 0.3603171761525367 0.643083936978263 0.3487447631340961 0.6607177081366371 0.37767584108678237 0.6739430566856978 0.38511525594243506 0.6474923595875761 0.38511525594243506 0.6254500850987674 0.3793290040266299 0.5916519900780833 0.37354284292399437 0.5901825427820194
0 0.5297705548926968 0.46968487782328633 0.5198513048141036 0.49172715231209496 0.5148917251813917 0.5181778494102167 0.5372099697483492 0.5152388740969674 0.5446493846040017 0.4829102263723472 0.5446493846040016 0.4608679922440992
0 0.09815742855980286 0.6652566465751205 0.08505882649339427 0.6871684052347585 0.09084503300261457 0.6959853311745066 0.11068348775321617 0.6842294299215094 0.0958046580419112 0.6519008629180106