0 0.3125 0.3246527777777778 0.314453125 0.3211805555555556 0.3095703125 0.3125 0.2998046875 0.3020833333333333 0.296875 0.3072916666666667 0.2998046875 0.3263888888888889
0 0.1640625 0.3246527777777778 0.177734375 0.296875 0.17578125 0.2760416666666667 0.1728515625 0.2708333333333333 0.1455078125 0.2743055555555556 0.140625 0.2829861111111111 0.142578125 0.3072916666666667 0.1552734375 0.3263888888888889
0 0.533203125 0.4600694444444444 0.54296875 0.4357638888888889 0.54296875 0.4079861111111111 0.5400390625 0.4027777777777778 0.5302734375 0.3993055555555556 0.5146484375 0.4166666666666667 0.5 0.421875 0.498046875 0.4322916666666667 0.5009765625 0.4375 0.5107421875 0.4340277777777778 0.51953125 0.4496527777777778 0.5185546875 0.4583333333333333 0.5224609375 0.4548611111111111 0.5283203125 0.4618055555555556
0 0.689453125 0.5920138888888888 0.697265625 0.5850694444444444 0.689453125 0.5746527777777778 0.6865234375 0.5347222222222222 0.6533203125 0.5347222222222222 0.6474609375 0.5173611111111112 0.6279296875 0.5104166666666666 0.611328125 0.4809027777777778 0.615234375 0.4670138888888889 0.6083984375 0.4548611111111111 0.5966796875 0.4583333333333333 0.583984375 0.4739583333333333 0.5859375 0.4913194444444444 0.6142578125 0.5416666666666666 0.6220703125 0.5486111111111112 0.6318359375 0.5486111111111112 0.6396484375 0.5416666666666666 0.6513671875 0.5451388888888888 0.6787109375 0.59375
0 0.814453125 0.6545138888888888 0.8896484375 0.6215277777777778 0.896484375 0.6128472222222222 0.892578125 0.5885416666666666 0.8896484375 0.5833333333333334 0.8818359375 0.5833333333333334 0.8720703125 0.6041666666666666 0.8662109375 0.6041666666666666 0.8505859375 0.5868055555555556 0.8310546875 0.6006944444444444 0.826171875 0.6336805555555556 0.8212890625 0.6388888888888888 0.7900390625 0.6354166666666666 0.783203125 0.6267361111111112 0.78125 0.6128472222222222 0.7763671875 0.6041666666666666 0.7705078125 0.6006944444444444 0.7431640625 0.5555555555555556 0.7275390625 0.5520833333333334 0.720703125 0.5572916666666666 0.716796875 0.5815972222222222 0.7216796875 0.5902777777777778 0.7509765625 0.5902777777777778 0.7919921875 0.6527777777777778
0 0.19134654998779296 0.29574170112609866 0.2205394797867665 0.30152972999628364 0.2361622509836366 0.3030726920357395 0.25178502218050686 0.3138734263119305 0.26393610352678354 0.3185022700517093 0.26567197229053735 0.2999868103354167 0.2543888491645947 0.2814713082405352 0.24223781549523205 0.2845572323194468 0.22921882360553553 0.26604173022456534 0.20318088750305643 0.26449876818510953 0.19276567492053354 0.2737564980432558
0 0.7005057388188165 0.5067430455650807 0.7169965159129348 0.5329733578572413 0.7291475495822974 0.5484028934946223 0.7369589351807324 0.536059281936153 0.7317512812125568 0.5067430455650807 0.713524778385427 0.4866846661879209
0 0.7916386343697784 0.526801509699418 0.7890348073856905 0.5576606657313574 0.8011858410550531 0.5730902861259161 0.8150727911650837 0.5715472817078713 0.8194124392360113 0.5607465898102691 0.8228841767635189 0.5453170541728882 0.8150727911650837 0.5314304381963744 0.8046575785825608 0.5206296615415945
0 0.8549976297006792 0.5082860499831252 0.8298276518185341 0.4558254677773925 0.8437145065747365 0.44811069995870206 0.8628090152991144 0.4681691217144506 0.8888469990785074 0.5160008178018157 0.8879789931812594 0.5468599738337553 0.8697524903541296 0.536059281936153
0 0.9015027999877929 0.5929639233483208 0.9140169769606526 0.6132071296374131 0.9235642789997556 0.6147501340554578 0.927035921173435 0.5962345895819875 0.9226962731025076 0.58697690210243 0.9122811558738129 0.5808050539446066
0 0.830409049987793 0.27074170112609863 0.8645448363859541 0.2799283462010793 0.8610731942122746 0.2660417302245654 0.8593372777716066 0.23363961215316995 0.8437145065747365 0.23363961215316997
0 0.650721549987793 0.4346305900149875 0.6848829676219463 0.45428254811652546 0.6979020071885567 0.4558254677773925 0.7204681580866141 0.48359874210900916 0.732619287109805 0.48514166176987616 0.7265437225982094 0.44502477587979034 0.6996378282753966 0.4311381599032765 0.6874867946060339 0.41879450596621837 0.6683922858816561 0.41262270018698377 0.6449581290863509 0.4018219659107928