0 0.328125 0.4392361111111111 0.330078125 0.4357638888888889 0.330078125 0.4253472222222222 0.328125 0.421875 0.330078125 0.4149305555555556 0.3232421875 0.4027777777777778 0.3193359375 0.4027777777777778 0.318359375 0.4322916666666667 0.3251953125 0.4409722222222222
0 0.169921875 0.5329861111111112 0.173828125 0.5260416666666666 0.173828125 0.4947916666666667 0.1591796875 0.4930555555555556 0.15625 0.5017361111111112 0.154296875 0.5260416666666666 0.1591796875 0.5347222222222222
0 0.9765625 0.671875 0.9794921875 0.6701388888888888 0.982421875 0.6614583333333334 0.9736328125 0.6527777777777778 0.9677734375 0.6354166666666666 0.9521484375 0.6388888888888888 0.9501953125 0.6354166666666666 0.9423828125 0.6354166666666666 0.9404296875 0.6284722222222222 0.935546875 0.6371527777777778 0.935546875 0.6440972222222222 0.9404296875 0.6527777777777778 0.9443359375 0.6527777777777778 0.9658203125 0.6736111111111112
0 0.1875 0.4010416666666667 0.19140625 0.390625 0.1884765625 0.375 0.1806640625 0.375 0.1787109375 0.3784722222222222 0.1572265625 0.375 0.1513671875 0.3819444444444444 0.1259765625 0.3819444444444444 0.1240234375 0.3854166666666667 0.1142578125 0.3854166666666667 0.1123046875 0.3819444444444444 0.10546875 0.3871527777777778 0.1123046875 0.4027777777777778 0.1142578125 0.3993055555555556 0.1455078125 0.3993055555555556 0.1474609375 0.4027777777777778
0 0.828125 0.5121527777777778 0.826171875 0.4947916666666667 0.8154296875 0.4756944444444444 0.8076171875 0.4652777777777778 0.8037109375 0.4652777777777778 0.7978515625 0.4548611111111111 0.7841796875 0.46875 0.78125 0.4774305555555556 0.78125 0.4947916666666667 0.7841796875 0.5 0.7919921875 0.5 0.7978515625 0.5069444444444444 0.8056640625 0.5069444444444444 0.8115234375 0.5138888888888888
0 1 0.6371527777777778 1 0.609375 0.9892578125 0.6041666666666666 0.9814453125 0.5902777777777778 0.9716796875 0.5868055555555556 0.9658203125 0.5798611111111112 0.9521484375 0.5798611111111112 0.9453125 0.5850694444444444 0.947265625 0.5989583333333334 0.9541015625 0.6111111111111112 0.9638671875 0.6145833333333334 0.9931640625 0.6388888888888888
0 0.662109375 0.4079861111111111 0.6669921875 0.40625 0.671875 0.3975694444444444 0.671875 0.3871527777777778 0.669921875 0.3767361111111111 0.6611328125 0.3645833333333333 0.6591796875 0.3680555555555556 0.6513671875 0.3645833333333333 0.6416015625 0.3715277777777778 0.6337890625 0.3715277777777778 0.6220703125 0.3645833333333333 0.6064453125 0.3645833333333333 0.603515625 0.3697916666666667 0.60546875 0.3802083333333333 0.6123046875 0.3923611111111111 0.6435546875 0.3923611111111111 0.6533203125 0.4097222222222222
0 0.3203125 0.5572916666666666 0.3505859375 0.5555555555555556 0.353515625 0.5503472222222222 0.353515625 0.5329861111111112 0.345703125 0.5225694444444444 0.345703125 0.5121527777777778 0.34375 0.5086805555555556 0.34375 0.4982638888888889 0.345703125 0.4947916666666667 0.3447265625 0.4861111111111111 0.3349609375 0.4965277777777778 0.3291015625 0.4965277777777778 0.3212890625 0.4895833333333333 0.31640625 0.4913194444444444 0.3125 0.5052083333333334 0.3125 0.5399305555555556 0.30859375 0.5572916666666666
0 0.2265625 0.6788194444444444 0.2392578125 0.6631944444444444 0.2548828125 0.6597222222222222 0.2685546875 0.6458333333333334 0.28125 0.6197916666666666 0.28125 0.5954861111111112 0.2763671875 0.5868055555555556 0.2412109375 0.5868055555555556 0.2373046875 0.5833333333333334 0.23046875 0.5954861111111112 0.2265625 0.609375 0.2265625 0.6197916666666666 0.234375 0.6336805555555556 0.205078125 0.6614583333333334 0.2138671875 0.6805555555555556
0 0.923828125 0.578125 0.92578125 0.5746527777777778 0.92578125 0.5572916666666666 0.9345703125 0.5347222222222222 0.9404296875 0.5416666666666666 0.9521484375 0.5416666666666666 0.9560546875 0.5347222222222222 0.9638671875 0.5347222222222222 0.96875 0.5260416666666666 0.966796875 0.5086805555555556 0.9619140625 0.5 0.9521484375 0.4930555555555556 0.9306640625 0.4930555555555556 0.927734375 0.4878472222222222 0.927734375 0.4809027777777778 0.9208984375 0.4722222222222222 0.9130859375 0.4722222222222222 0.9033203125 0.4583333333333333 0.8974609375 0.4548611111111111 0.8935546875 0.4548611111111111 0.8857421875 0.4722222222222222 0.8798828125 0.4722222222222222 0.8740234375 0.4652777777777778 0.8642578125 0.46875 0.861328125 0.4774305555555556 0.86328125 0.4809027777777778 0.861328125 0.4878472222222222 0.869140625 0.5017361111111112 0.869140625 0.515625 0.875 0.5260416666666666 0.876953125 0.5364583333333334 0.8857421875 0.5520833333333334 0.8916015625 0.5555555555555556 0.896484375 0.5642361111111112 0.896484375 0.5746527777777778 0.9033203125 0.5798611111111112 0.9072265625 0.5763888888888888 0.9130859375 0.5763888888888888 0.9150390625 0.5798611111111112
0 0.264080047607422 0.3901243714428453 0.27435061457757104 0.3932717618421704 0.2809634479633 0.40943608570448053 0.28840286281895244 0.39914971246866887 0.2900560711653847 0.38298538860635883 0.2817900294332237 0.36535157708742405 0.26443140990556274 0.3609431544781109 0.2569919950499102 0.36976004005729785