0 0.826171875 0.4392361111111111 0.830078125 0.4288194444444444 0.830078125 0.4114583333333333 0.8251953125 0.3888888888888889 0.822265625 0.3940972222222222 0.8203125 0.421875 0.8154296875 0.4305555555555556 0.8076171875 0.4236111111111111 0.798828125 0.4392361111111111
0 0.203125 0.140625 0.2001953125 0.125 0.1943359375 0.1284722222222222 0.1669921875 0.1076388888888889 0.162109375 0.11284722222222222 0.1640625 0.1371527777777778 0.1669921875 0.1423611111111111 0.1787109375 0.125 0.1923828125 0.1423611111111111
0 1 0.5989583333333334 0.9990234375 0.5798611111111112 0.9814453125 0.5798611111111112 0.978515625 0.5677083333333334 0.9677734375 0.5520833333333334 0.9619140625 0.5520833333333334 0.955078125 0.5607638888888888 0.953125 0.5954861111111112 0.9560546875 0.6006944444444444 0.9697265625 0.5798611111111112 0.9931640625 0.6006944444444444
0 0.341796875 0.1857638888888889 0.3447265625 0.1701388888888889 0.35546875 0.1684027777777778 0.35546875 0.1579861111111111 0.3466796875 0.14930555555555555 0.3388671875 0.16666666666666666 0.3349609375 0.16666666666666666 0.32421875 0.1440972222222222 0.32421875 0.13020833333333334 0.3154296875 0.125 0.310546875 0.13368055555555555 0.30859375 0.14756944444444445 0.310546875 0.1684027777777778 0.3251953125 0.1875
0 0.828125 0.359375 0.830078125 0.3177083333333333 0.82421875 0.296875 0.82421875 0.2760416666666667 0.8076171875 0.25 0.796875 0.265625 0.796875 0.296875 0.798828125 0.3072916666666667 0.810546875 0.328125 0.814453125 0.3489583333333333 0.8251953125 0.3611111111111111
0 0.916015625 0.5850694444444444 0.919921875 0.546875 0.9150390625 0.5381944444444444 0.8955078125 0.5347222222222222 0.890625 0.5190972222222222 0.8896484375 0.5 0.8779296875 0.5 0.8603515625 0.4861111111111111 0.859375 0.421875 0.8466796875 0.4236111111111111 0.84375 0.4427083333333333 0.8359375 0.4600694444444444 0.845703125 0.4878472222222222 0.9033203125 0.5798611111111112 0.9091796875 0.5868055555555556
0 0.625 0.4809027777777778 0.626953125 0.4565972222222222 0.61328125 0.4288194444444444 0.609375 0.390625 0.611328125 0.3697916666666667 0.607421875 0.3489583333333333 0.6025390625 0.3402777777777778 0.5830078125 0.3472222222222222 0.580078125 0.3385416666666667 0.580078125 0.3177083333333333 0.5732421875 0.3055555555555556 0.5625 0.3385416666666667 0.5625 0.3975694444444444 0.56640625 0.4184027777777778 0.578125 0.4496527777777778 0.578125 0.4635416666666667 0.5869140625 0.4756944444444444 0.6005859375 0.4756944444444444 0.6103515625 0.4826388888888889
0 0.748046875 0.4635416666666667 0.779296875 0.3871527777777778 0.77734375 0.3628472222222222 0.755859375 0.3454861111111111 0.7578125 0.3177083333333333 0.765625 0.3003472222222222 0.7646484375 0.28125 0.7607421875 0.28125 0.751953125 0.296875 0.74609375 0.3211805555555556 0.734375 0.3420138888888889 0.732421875 0.3628472222222222 0.7236328125 0.3784722222222222 0.7197265625 0.3784722222222222 0.716796875 0.3663194444444444 0.7119140625 0.3645833333333333 0.701171875 0.390625 0.701171875 0.4114583333333333 0.7080078125 0.4270833333333333 0.7353515625 0.4618055555555556
0 0.020047281211541 0.22438188229502362 0.027858666809976108 0.2521551142480515 0.02091519175496086 0.27529946008271167 0.006160331101510494 0.28301427027999104 0.0026886412509169342 0.28301427027999104 0.003556551794336832 0.22283892025556776
0 0.9504700779687404 0.20740934223959803 0.9652249386221907 0.2521551142480515 0.9739042347640459 0.2583269200272861 0.9843194473465686 0.23055368807425822 0.9843194473465686 0.20586638020014217 0.9713005031337861 0.19197976422362828
0 0.6302032684329004 0.4403959321400116 0.6302032684329004 0.4697121261324952 0.6406184810154233 0.4820557376909645 0.6484298666138584 0.48359874210900916 0.6536374252282057 0.4558254677773925 0.6475619560704384 0.4326811219427322 0.642354302102263 0.4280522358243647
0 0.856733450787519 0.4110797381475279 0.8662807528266219 0.4419388518008786 0.8775638759525647 0.4295951978638206 0.8879789931812594 0.46045435389576006 0.90099803274787 0.4465677379192462 0.8983942057637823 0.42496635412404177 0.882771434566912 0.40336492795024864 0.8723562219843892 0.4002790038713369