0 0.9140625 0.7274305555555556 0.9140625 0.703125 0.8974609375 0.6666666666666666 0.8935546875 0.6701388888888888 0.888671875 0.6961805555555556 0.9013671875 0.7222222222222222 0.9072265625 0.7291666666666666
0 0.212890625 0.24479166666666666 0.2216796875 0.24305555555555555 0.224609375 0.2309027777777778 0.2138671875 0.22916666666666666 0.2001953125 0.21875 0.197265625 0.1892361111111111 0.1923828125 0.1840277777777778 0.1875 0.19618055555555555 0.185546875 0.22743055555555555 0.1962890625 0.24305555555555555
0 0.701171875 0.421875 0.705078125 0.4114583333333333 0.70703125 0.359375 0.705078125 0.3454861111111111 0.6943359375 0.3263888888888889 0.6884765625 0.3263888888888889 0.681640625 0.3350694444444444 0.68359375 0.3871527777777778 0.689453125 0.4079861111111111 0.6982421875 0.4236111111111111
0 0.943359375 0.7621527777777778 0.9658203125 0.7569444444444444 0.9736328125 0.75 0.978515625 0.7413194444444444 0.978515625 0.7274305555555556 0.9638671875 0.7152777777777778 0.9248046875 0.7291666666666666 0.919921875 0.7378472222222222 0.9248046875 0.7569444444444444 0.9326171875 0.7638888888888888
0 0.794921875 0.6579861111111112 0.798828125 0.6232638888888888 0.7939453125 0.6145833333333334 0.7880859375 0.6215277777777778 0.7705078125 0.6215277777777778 0.765625 0.6024305555555556 0.75390625 0.5815972222222222 0.7578125 0.5329861111111112 0.7509765625 0.53125 0.7431640625 0.5520833333333334 0.7353515625 0.5520833333333334 0.732421875 0.546875 0.736328125 0.5260416666666666 0.734375 0.4982638888888889 0.7177734375 0.5 0.708984375 0.5225694444444444 0.71875 0.5434027777777778 0.71875 0.5503472222222222 0.7412109375 0.5902777777777778 0.7646484375 0.6180555555555556 0.7841796875 0.65625
0 0.623046875 0.5225694444444444 0.626953125 0.515625 0.626953125 0.4982638888888889 0.6328125 0.4913194444444444 0.6357421875 0.4791666666666667 0.642578125 0.4739583333333333 0.6484375 0.4496527777777778 0.6484375 0.4322916666666667 0.65625 0.4114583333333333 0.6435546875 0.375 0.6318359375 0.3784722222222222 0.6201171875 0.3472222222222222 0.6103515625 0.3472222222222222 0.607421875 0.3559027777777778 0.607421875 0.3871527777777778 0.615234375 0.4149305555555556 0.61328125 0.4322916666666667 0.5888671875 0.46875 0.5810546875 0.46875 0.5615234375 0.4409722222222222 0.5498046875 0.4409722222222222 0.544921875 0.4565972222222222 0.544921875 0.4878472222222222 0.5517578125 0.5243055555555556 0.5595703125 0.5243055555555556 0.572265625 0.4982638888888889 0.5771484375 0.4791666666666667 0.5810546875 0.4791666666666667 0.6103515625 0.5243055555555556
0 0.51171875 0.5434027777777778 0.5263671875 0.5416666666666666 0.533203125 0.5329861111111112 0.533203125 0.5260416666666666 0.5302734375 0.5173611111111112 0.515625 0.5052083333333334 0.515625 0.4878472222222222 0.48828125 0.4392361111111111 0.48828125 0.4253472222222222 0.49609375 0.3975694444444444 0.4697265625 0.3784722222222222 0.4541015625 0.3819444444444444 0.44921875 0.390625 0.451171875 0.4496527777777778 0.4453125 0.4739583333333333 0.447265625 0.5225694444444444 0.4541015625 0.5347222222222222 0.4716796875 0.5451388888888888
0 0.080078125 0.21006944444444445 0.08203125 0.1892361111111111 0.0751953125 0.17708333333333334 0.0537109375 0.17708333333333334 0.0419921875 0.1597222222222222 0.0263671875 0.1701388888888889 0.0107421875 0.13194444444444445 0.001953125 0.1371527777777778 0.017578125 0.1892361111111111 0.0302734375 0.20833333333333334 0.0361328125 0.21180555555555555 0.0517578125 0.19791666666666666 0.0537109375 0.1909722222222222 0.0693359375 0.21180555555555555
0 0.8272238248344463 0.25986988206674194 0.8298276518185341 0.3030726920357395 0.8515258921731717 0.3046156540751954 0.856733450787519 0.27529946008271167 0.8445824171181563 0.2614128441061978
0 0.8194124392360113 0.5993205136608992 0.8107331430941562 0.6625817453856453 0.8445824171181563 0.6533240579060878 0.8506579816297517 0.6486951294091314 0.8680165739134618 0.6641247498036899 0.8758279595118967 0.6548669775669549 0.874960048968477 0.6378944375115293 0.8645448363859541 0.6224649018741483 0.8515258921731717 0.6224649018741483 0.8376390374169691 0.5931486655030758
0 0.972168413677206 0.549945897912667 0.9791118887322213 0.6039493574006779 0.9851873578899886 0.6178359733771919 0.9956025704725114 0.6132071296374132 0.9964704810159313 0.6101212055585015 0.9982063974565991 0.5669184379680927 0.9817156203624808 0.5329733578572413