0 0.232421875 0.4357638888888889 0.236328125 0.4149305555555556 0.2275390625 0.3993055555555556 0.2197265625 0.3993055555555556 0.21484375 0.4114583333333333 0.216796875 0.4288194444444444 0.2216796875 0.4375
0 0.392578125 0.5399305555555556 0.3994140625 0.5277777777777778 0.4189453125 0.5243055555555556 0.421875 0.5121527777777778 0.4287109375 0.5034722222222222 0.4345703125 0.5069444444444444 0.4375 0.5017361111111112 0.4375 0.4565972222222222 0.4423828125 0.4479166666666667 0.4541015625 0.4444444444444444 0.4638671875 0.4270833333333333 0.4755859375 0.4340277777777778 0.4892578125 0.4340277777777778 0.4951171875 0.4409722222222222 0.5068359375 0.4305555555555556 0.5205078125 0.40625 0.546875 0.3940972222222222 0.546875 0.3628472222222222 0.548828125 0.359375 0.548828125 0.3454861111111111 0.552734375 0.3246527777777778 0.552734375 0.3038194444444444 0.5625 0.2864583333333333 0.5625 0.2795138888888889 0.5595703125 0.2743055555555556 0.5498046875 0.2777777777777778 0.546875 0.2725694444444444 0.546875 0.2586805555555556 0.5439453125 0.2534722222222222 0.5380859375 0.2534722222222222 0.529296875 0.24479166666666666 0.53125 0.22395833333333334 0.5283203125 0.2152777777777778 0.5205078125 0.20833333333333334 0.5146484375 0.2222222222222222 0.5087890625 0.2222222222222222 0.5068359375 0.21875 0.5029296875 0.2222222222222222 0.4814453125 0.2222222222222222 0.470703125 0.203125 0.46875 0.19270833333333334 0.4599609375 0.17708333333333334 0.4560546875 0.17708333333333334 0.4501953125 0.1909722222222222 0.4404296875 0.19444444444444445 0.4375 0.1996527777777778 0.4296875 0.22395833333333334 0.4296875 0.2309027777777778 0.423828125 0.24131944444444445 0.408203125 0.296875 0.4033203125 0.3055555555555556 0.3935546875 0.3090277777777778 0.3837890625 0.3194444444444444 0.3603515625 0.3229166666666667 0.3544921875 0.3298611111111111 0.3447265625 0.3333333333333333 0.3408203125 0.3368055555555556 0.33203125 0.3559027777777778 0.33203125 0.3767361111111111 0.333984375 0.3836805555555556 0.341796875 0.3940972222222222 0.341796875 0.4114583333333333 0.3388671875 0.4166666666666667 0.3291015625 0.4201388888888889 0.3232421875 0.4270833333333333 0.314453125 0.4461805555555556 0.3564453125 0.4479166666666667 0.3681640625 0.4375 0.3720703125 0.4375 0.373046875 0.4670138888888889 0.375 0.4704861111111111 0.375 0.5017361111111112 0.373046875 0.5052083333333334 0.375 0.5086805555555556 0.373046875 0.5121527777777778 0.373046875 0.5260416666666666 0.3779296875 0.5381944444444444 0.3837890625 0.5416666666666666
0 0.5176930580122708 0.434232295734758 0.5203063288560102 0.4522524733535053 0.5264490099670344 0.46217977816083045 0.5309163419067244 0.46217977816083045 0.5314748120805437 0.44133246260498143 0.5247737221458236 0.43438333015354974 0.5214232078535254 0.4323978910050036
0 0.540409537310047 0.43537606336089707 0.5353837351965377 0.459201605804937 0.5448769305998603 0.4641652445755252 0.5515780205345803 0.447288834582917 0.5487859150659778 0.4234633194050258 0.5448769305998603 0.42842695817561405
0 0.5795192431057034 0.4369131059285112 0.577265439925822 0.4552306729755474 0.5990439362010697 0.4691289106122622 0.6118876458966905 0.4552306729755475 0.614679751365293 0.4443106349608749 0.5979270572035548 0.4234633194050258 0.584524938684238 0.421477852990331 0.5750317432809154 0.43636879656824445
0 0.6654961813240806 0.46416524457552527 0.682248875485819 0.4542379397681999 0.6923004797128374 0.4532452065608527 0.6867162687756324 0.47409254938285045 0.6688466956163789 0.4760780157975452 0.6599119703868757 0.4651579777828726
0 0.22545926130511787 0.4999035309754364 0.2154076570780995 0.5356418173753476 0.22043345919160867 0.5624455594414296 0.23662771385458956 0.5525182273679557 0.23997825882194956 0.5217436070047815 0.23774456217704287 0.49493989220484813 0.22713454912632872 0.4909689593754586
0 0.2533803773412662 0.5227363402121289 0.2466793180816079 0.5425909225606305 0.2528219685175704 0.5604600930267347 0.27850941858387385 0.5604600930267347 0.285768886667228 0.543583655767978 0.2829767811986255 0.5286927121900644 0.2533803773412663 0.5187654073827394
0 0.4568721767414958 0.544145513678638 0.4521787959117884 0.5624455594414296 0.4521787959117884 0.5743583033973009 0.4583214156726892 0.5723728369826061 0.4594382946702043 0.551525521426757 0.4588798858465085 0.5495400550120623
0 0.4560877803779059 0.4721070829681557 0.4521787959117884 0.5018889973901312 0.4516203870880926 0.5296854453974119 0.4627888089625027 0.5406054834120845 0.46725620225231596 0.4979180645607416 0.4644640967837134 0.4711143497608082 0.46167199131511094 0.4681361774049148
0 0.48680100188265685 0.5832928749972786 0.491826803996166 0.5098308357827617 0.49852783258076266 0.5326636450194542 0.4996447115782777 0.5684019041532166 0.4879178195300485 0.5912347406560576
0 0.3337932418324749 0.5763437698119956 0.356688555755114 0.5773364757531944 0.3594806612237165 0.5684019041532166 0.3544548591102073 0.5584746266120401 0.34049430109213313 0.5564891601973453 0.3254168947516056 0.5614527989679335