0 0.2109375 0.4704861111111111 0.212890625 0.4392361111111111 0.2099609375 0.4340277777777778 0.2021484375 0.4340277777777778 0.1953125 0.4496527777777778 0.1953125 0.4635416666666667 0.2001953125 0.4722222222222222
0 0.470703125 0.4496527777777778 0.47265625 0.4427083333333333 0.4638671875 0.4201388888888889 0.4541015625 0.4166666666666667 0.4453125 0.4253472222222222 0.4453125 0.4357638888888889 0.4501953125 0.4444444444444444 0.4619140625 0.4513888888888889
0 0.953125 0.6927083333333334 0.9365234375 0.6423611111111112 0.921875 0.640625 0.919921875 0.6510416666666666 0.9248046875 0.6666666666666666 0.9365234375 0.6666666666666666 0.9443359375 0.6909722222222222
0 0.83203125 0.6961805555555556 0.84375 0.6822916666666666 0.84375 0.6684027777777778 0.8330078125 0.6458333333333334 0.828125 0.6510416666666666 0.82421875 0.6753472222222222 0.82421875 0.6961805555555556
0 0.38671875 0.421875 0.390625 0.4184027777777778 0.3798828125 0.4027777777777778 0.3583984375 0.4027777777777778 0.3466796875 0.3819444444444444 0.34375 0.3871527777777778 0.3525390625 0.4201388888888889
0 0.7578125 0.5503472222222222 0.7578125 0.5017361111111112 0.7529296875 0.4930555555555556 0.7451171875 0.4895833333333333 0.7421875 0.5052083333333334 0.736328125 0.5121527777777778 0.736328125 0.5295138888888888 0.7529296875 0.5520833333333334
0 0.8984375 0.7552083333333334 0.8984375 0.7309027777777778 0.8935546875 0.71875 0.888671875 0.7170138888888888 0.888671875 0.6961805555555556 0.8837890625 0.6875 0.8681640625 0.6805555555555556 0.859375 0.6892361111111112 0.8603515625 0.6944444444444444 0.8720703125 0.6944444444444444 0.873046875 0.703125 0.869140625 0.7135416666666666 0.875 0.7309027777777778 0.8935546875 0.7569444444444444
0 0.810546875 0.6892361111111112 0.810546875 0.6753472222222222 0.7890625 0.6336805555555556 0.787109375 0.6232638888888888 0.7734375 0.6128472222222222 0.77734375 0.5815972222222222 0.7685546875 0.5798611111111112 0.76171875 0.5954861111111112 0.76171875 0.6163194444444444 0.765625 0.6267361111111112 0.8037109375 0.6909722222222222
0 0.978515625 0.7552083333333334 0.9853515625 0.75 0.9990234375 0.7534722222222222 1 0.7447916666666666 0.9892578125 0.71875 0.9833984375 0.71875 0.9755859375 0.7048611111111112 0.9541015625 0.6944444444444444 0.953125 0.7204861111111112 0.943359375 0.7378472222222222 0.943359375 0.7447916666666666 0.9541015625 0.7569444444444444
0 0.63671875 0.6267361111111112 0.6689453125 0.6145833333333334 0.6806640625 0.5902777777777778 0.7041015625 0.6145833333333334 0.7158203125 0.6076388888888888 0.720703125 0.5850694444444444 0.732421875 0.5607638888888888 0.732421875 0.5295138888888888 0.728515625 0.515625 0.7236328125 0.5104166666666666 0.7177734375 0.5208333333333334 0.7099609375 0.5243055555555556 0.6962890625 0.5590277777777778 0.6806640625 0.5486111111111112 0.6708984375 0.5520833333333334 0.66015625 0.5815972222222222 0.66015625 0.5989583333333334 0.6533203125 0.6006944444444444 0.642578125 0.5850694444444444 0.640625 0.5677083333333334 0.62890625 0.546875 0.62890625 0.5260416666666666 0.623046875 0.5017361111111112 0.6181640625 0.4930555555555556 0.6123046875 0.4930555555555556 0.6015625 0.5329861111111112 0.6015625 0.5503472222222222 0.595703125 0.5642361111111112 0.595703125 0.578125 0.603515625 0.6128472222222222 0.6103515625 0.625
0 0.17019947634556215 0.37867762007613254 0.17019947634556215 0.42496635412404177 0.1493690988574305 0.41262270018698377 0.15197287816460414 0.36479100409961857 0.16499187005430066 0.3570761939023393