0 0.951171875 0.6753472222222222 0.9580078125 0.6736111111111112 0.962890625 0.6649305555555556 0.9345703125 0.6319444444444444 0.9375 0.6753472222222222
0 0.412109375 0.5017361111111112 0.419921875 0.4947916666666667 0.419921875 0.484375 0.4072265625 0.4722222222222222 0.3955078125 0.4409722222222222 0.3896484375 0.4444444444444444 0.38671875 0.4600694444444444 0.388671875 0.4774305555555556 0.4013671875 0.5
0 0.380859375 0.4496527777777778 0.384765625 0.4461805555555556 0.390625 0.421875 0.38671875 0.3524305555555556 0.3837890625 0.3472222222222222 0.376953125 0.3524305555555556 0.3681640625 0.3888888888888889 0.3642578125 0.3888888888888889 0.3583984375 0.3715277777777778 0.345703125 0.3802083333333333 0.345703125 0.4010416666666667 0.3525390625 0.4097222222222222 0.3603515625 0.4097222222222222 0.36328125 0.4149305555555556 0.36328125 0.4322916666666667 0.3759765625 0.4513888888888889
0 0.546875 0.5329861111111112 0.548828125 0.5017361111111112 0.5576171875 0.5 0.5654296875 0.4722222222222222 0.5751953125 0.4722222222222222 0.5908203125 0.5 0.59765625 0.4982638888888889 0.599609375 0.4670138888888889 0.5927734375 0.4409722222222222 0.5771484375 0.4444444444444444 0.57421875 0.4288194444444444 0.5673828125 0.4236111111111111 0.5546875 0.4461805555555556 0.5478515625 0.4722222222222222 0.5361328125 0.4722222222222222 0.5283203125 0.4861111111111111 0.5185546875 0.4826388888888889 0.515625 0.4878472222222222 0.5185546875 0.5 0.5244140625 0.5 0.53125 0.5086805555555556 0.53125 0.5190972222222222 0.5400390625 0.5347222222222222
0 0.21875 0.4322916666666667 0.2236328125 0.4236111111111111 0.2353515625 0.4236111111111111 0.25 0.4114583333333333 0.244140625 0.3836805555555556 0.2529296875 0.3402777777777778 0.255859375 0.3420138888888889 0.2626953125 0.3680555555555556 0.2763671875 0.3680555555555556 0.279296875 0.3559027777777778 0.2705078125 0.3368055555555556 0.2578125 0.3315972222222222 0.2578125 0.3142361111111111 0.2548828125 0.3090277777777778 0.2333984375 0.2916666666666667 0.2255859375 0.2916666666666667 0.22265625 0.296875 0.2158203125 0.3298611111111111 0.2109375 0.3211805555555556 0.2109375 0.296875 0.205078125 0.2725694444444444 0.1982421875 0.2604166666666667 0.1884765625 0.2604166666666667 0.17578125 0.296875 0.171875 0.3385416666666667 0.1865234375 0.3645833333333333 0.2041015625 0.3611111111111111 0.2109375 0.3697916666666667 0.205078125 0.3767361111111111 0.203125 0.3871527777777778 0.205078125 0.421875 0.2138671875 0.4236111111111111 0.2138671875 0.4340277777777778
0 0.841796875 0.7274305555555556 0.9033203125 0.7013888888888888 0.916015625 0.6892361111111112 0.8955078125 0.6805555555555556 0.8798828125 0.6631944444444444 0.8681640625 0.6631944444444444 0.865234375 0.6510416666666666 0.85546875 0.6371527777777778 0.8515625 0.6197916666666666 0.8427734375 0.6041666666666666 0.8349609375 0.6006944444444444 0.828125 0.6128472222222222 0.8359375 0.6336805555555556 0.84375 0.640625 0.8505859375 0.6666666666666666 0.865234375 0.6684027777777778 0.865234375 0.6892361111111112 0.8583984375 0.6979166666666666 0.8486328125 0.6909722222222222 0.8134765625 0.6944444444444444 0.814453125 0.6649305555555556 0.8076171875 0.65625 0.8017578125 0.6666666666666666 0.7958984375 0.6666666666666666 0.7841796875 0.6493055555555556 0.779296875 0.6232638888888888 0.783203125 0.6128472222222222 0.7783203125 0.6041666666666666 0.7685546875 0.6215277777777778 0.7607421875 0.625 0.759765625 0.6163194444444444 0.763671875 0.609375 0.76171875 0.5989583333333334 0.7529296875 0.5833333333333334 0.7451171875 0.5798611111111112 0.7255859375 0.5555555555555556 0.71875 0.5572916666666666 0.71875 0.578125 0.7216796875 0.5833333333333334 0.7314453125 0.5833333333333334 0.734375 0.5954861111111112 0.7216796875 0.6076388888888888 0.7138671875 0.6041666666666666 0.7021484375 0.6111111111111112 0.6884765625 0.6076388888888888 0.685546875 0.578125 0.6650390625 0.5520833333333334 0.6513671875 0.5520833333333334 0.6220703125 0.5243055555555556 0.578125 0.5295138888888888 0.576171875 0.5434027777777778 0.5791015625 0.5486111111111112 0.5908203125 0.5451388888888888 0.5947265625 0.5520833333333334 0.6005859375 0.5520833333333334 0.607421875 0.5607638888888888 0.6123046875 0.5798611111111112 0.6240234375 0.5868055555555556 0.6259765625 0.59375 0.6376953125 0.6041666666666666 0.6630859375 0.6076388888888888 0.6787109375 0.6180555555555556 0.6875 0.6440972222222222 0.7021484375 0.6666666666666666 0.7177734375 0.6666666666666666 0.7314453125 0.6597222222222222 0.7490234375 0.6597222222222222 0.7568359375 0.6666666666666666 0.7802734375 0.6631944444444444 0.7900390625 0.6701388888888888 0.8193359375 0.7222222222222222 0.8291015625 0.7291666666666666
0 0.642127799987793 0.404075034459432 0.6388826599285835 0.43885297010055574 0.6440902185429309 0.4496536619981579 0.6510336935979463 0.4527395860770696 0.6727319339525837 0.4496536619981579 0.6831471465351064 0.43885297010055574 0.6900906215901218 0.42033746800567423 0.6848829676219463 0.4018219659107928 0.6597129897398012 0.40336492795024864 0.6362788329444958 0.4002790038713369
0 0.863221549987793 0.3012972566816542 0.8489220651890838 0.32158819413062095 0.8341672998894616 0.3262170802489886 0.8324313834487936 0.335474810107135 0.8506579816297517 0.3678769281785304 0.8610731942122746 0.37713465803667673 0.8619411047556944 0.35399031220201643 0.8688845798107098 0.3323888860282232 0.8732242278816372 0.3061586161146513
0 0.785877799987793 0.3374083677927653 0.7638648295035455 0.3647910040996185 0.7656006505903852 0.386392387894823 0.7838272487713432 0.39102127401319053 0.7977141035275457 0.3755916959972208 0.7872989862988509 0.34473253996528125
0 0.8011858410550532 0.4002790038713369 0.7942423660000381 0.41879450596621837 0.8055254891259807 0.44502477587979034 0.8159407017085035 0.45428254811652546 0.8194124392360113 0.4342240839821881 0.8089972266534883 0.4049078899897045
0 0.7794876007004158 0.5345162775181085 0.7881668968422707 0.574633205786783 0.8011858410550534 0.5700043620470043 0.8081293161100686 0.551488817573534 0.8011858410550531 0.5298874337783296 0.7803555112438356 0.5160008178018157
0 0.7187323369997746 0.5190867418807275 0.7222040745272821 0.5437740497548436 0.7326192871098051 0.5545747416524457 0.7369589351807324 0.5422311300939765 0.739562666810992 0.5221726659596391 0.7360909292834845 0.497485358085523 0.731751281212557 0.48359874210900916 0.7213361639838622 0.4959423536674784
0 0.615565299987793 0.4860194789038764 0.6510336935979462 0.4619973159352159 0.670128202322324 0.47434096987227403 0.6727319339525837 0.5098289696439924 0.670128202322324 0.5376022015970201 0.6675243753382363 0.5468599738337553 0.6466940455270187 0.5422311300939765 0.6180522347635378 0.5252585900385509 0.6128446761491905 0.512914893722904 0.6128446761491905 0.4866846661879209
0 0.8949224682362746 0.588519821763297 0.9148848875040724 0.627093745613927 0.9209604520156678 0.6224649018741483 0.9244321895431755 0.6070352814795896 0.9148848875040724 0.58697690210243 0.8992621163072021 0.5669184379680926
0 0.5217117805982285 0.3802205821155884 0.5217117805982285 0.4172515439267625 0.5347308201648392 0.42342339208458596 0.5477497643776217 0.40336492795024864 0.546013943290782 0.37867762007613254 0.535598730708259 0.3725057719183091