0 0.841796875 0.3524305555555556 0.84375 0.3489583333333333 0.84375 0.3211805555555556 0.8564453125 0.3055555555555556 0.8623046875 0.2916666666666667 0.8837890625 0.2916666666666667 0.9033203125 0.2777777777777778 0.9150390625 0.2777777777777778 0.9169921875 0.2743055555555556 0.9228515625 0.28125 0.9423828125 0.2777777777777778 0.9453125 0.2725694444444444 0.943359375 0.2690972222222222 0.943359375 0.2517361111111111 0.9365234375 0.2361111111111111 0.9248046875 0.22916666666666666 0.9169921875 0.2048611111111111 0.9052734375 0.19444444444444445 0.8896484375 0.19444444444444445 0.8837890625 0.19791666666666666 0.8701171875 0.21875 0.865234375 0.21354166666666666 0.865234375 0.19618055555555555 0.8603515625 0.1840277777777778 0.859375 0.2065972222222222 0.8564453125 0.21180555555555555 0.8505859375 0.20833333333333334 0.8466796875 0.21180555555555555 0.84375 0.22743055555555555 0.8330078125 0.2361111111111111 0.830078125 0.24479166666666666 0.830078125 0.3350694444444444 0.8349609375 0.3506944444444444 0.8388671875 0.3541666666666667
0 0.42578125 0.421875 0.4306640625 0.4201388888888889 0.43359375 0.4149305555555556 0.431640625 0.3975694444444444 0.435546875 0.390625 0.4375 0.3697916666666667 0.439453125 0.3663194444444444 0.439453125 0.3038194444444444 0.431640625 0.2795138888888889 0.4296875 0.265625 0.41796875 0.2378472222222222 0.416015625 0.2170138888888889 0.4111328125 0.21180555555555555 0.40234375 0.2309027777777778 0.396484375 0.2586805555555556 0.392578125 0.3107638888888889 0.390625 0.3142361111111111 0.390625 0.3385416666666667 0.388671875 0.3420138888888889 0.388671875 0.3524305555555556 0.3828125 0.3697916666666667 0.380859375 0.3871527777777778 0.3955078125 0.40625 0.4052734375 0.40625 0.4111328125 0.4201388888888889
0 0.1875 0.4184027777777778 0.19140625 0.4045138888888889 0.193359375 0.3767361111111111 0.1884765625 0.3680555555555556 0.1806640625 0.3680555555555556 0.1748046875 0.3611111111111111 0.1611328125 0.3645833333333333 0.1533203125 0.375 0.1494140625 0.375 0.1396484375 0.3645833333333333 0.134765625 0.3732638888888889 0.12890625 0.3940972222222222 0.12890625 0.4045138888888889 0.1337890625 0.4097222222222222 0.1513671875 0.3993055555555556 0.1572265625 0.40625 0.1611328125 0.40625 0.1650390625 0.4131944444444444 0.1767578125 0.4201388888888889
0 0.056640625 0.484375 0.056640625 0.4739583333333333 0.064453125 0.4600694444444444 0.064453125 0.4496527777777778 0.05859375 0.4392361111111111 0.056640625 0.4114583333333333 0.052734375 0.3975694444444444 0.0458984375 0.3854166666666667 0.0322265625 0.3888888888888889 0.03125 0.4045138888888889 0.0283203125 0.4097222222222222 0.0234375 0.4114583333333333 0.025390625 0.4392361111111111 0.03515625 0.4600694444444444 0.0361328125 0.4722222222222222 0.0498046875 0.4722222222222222 0.05078125 0.4809027777777778 0.0537109375 0.4861111111111111
0 0.3317883809407553 0.4139338952523692 0.35453101504990125 0.42266143425354136 0.37932900402662983 0.4491121313516631 0.39090150785824 0.46233747990072394 0.40908666344923983 0.49319659960815865 0.39916750418381625 0.5064219481572197 0.3743694243939181 0.48731872970278184 0.3537044335799776 0.46527645521397315 0.3280797269135708 0.4476426436950385 0.3272531454436471 0.4138445486743543
0 0.336252666655041 0.5012354825539564 0.35866401321268937 0.5034830535650919 0.36858326329128255 0.5108304514876544 0.35701075945967226 0.5225862720195297 0.33717235011565555 0.5240558000367151 0.3289063537900793 0.5122998987837182
0 0.30245506565374897 0.49760510293859334 0.3049349008766896 0.46674594287059773 0.30658810922312174 0.43588678280260207 0.3057614823466134 0.3962107371554196 0.3049349008766897 0.3800464132931095 0.28592307300259656 0.36976004005729773 0.2669111997219186 0.3609431544781109 0.2586452033963424 0.34330934295917614 0.24459295515496116 0.3256755314402414 0.22971412544365613 0.3462483182724254 0.2520323700106137 0.4006192001252935 0.272697406231139 0.42853938488003984 0.2817900294332237 0.46674594287059784 0.2925358609817406 0.4990745502346573 0.2974954860210372 0.5034830535650919
0 0.21152887903948678 0.36094315447811093 0.2222747105880036 0.33155348206673985 0.2206215022415714 0.3212671088309283 0.2098757160996394 0.3036332973119935 0.20491609106034273 0.28306051047980957 0.1817712196168767 0.2551403660856239 0.16854559825200396 0.22428120601762835 0.14126777405233462 0.23456757925343993 0.11398990444608052 0.25807930103831245 0.10903027940678393 0.27718260021387175 0.12969531562730924 0.30363329731199346 0.15449339541720744 0.33008399441011527 0.18342442796330893 0.3374313923326776 0.20160967436747837 0.3609431544781109
0 0.0834056181469621 0.297755346685495 0.07761941163774179 0.3300839944101153 0.10159086455113145 0.34037036764592693 0.10820369793686027 0.3153891582044298 0.0891918700627672 0.2962858590288704
0 0.867502666655041 0.32266405398252784 0.8521452289086949 0.3330229697233646 0.8405728158902542 0.34918729358567463 0.8447058140530425 0.35800417916486166 0.8719836382527117 0.36094315447811093 0.892648719879822 0.3565346915082371 0.9042211328982624 0.3315534820667399 0.8876890494339403 0.3168586458610544 0.8678506400899236 0.3242060437836168
0 0.8785964716384405 0.3109806952345559 0.9067008773080333 0.31391967054780523 0.9281925404050673 0.3080417602818674 0.9364585367306435 0.2977553466854951 0.9265393774652199 0.28306051047980957 0.8926487198798218 0.2859994857930588
0 0.9553002857026602 0.27239950371797755 0.9455512053393131 0.3065722726252427 0.9620831979904653 0.3168586458610544 0.9794418629247109 0.3006943219987443 0.9645630332134061 0.26983516193074863
0 0.8893423031869573 0.42853938488003984 0.9422447886464487 0.43147831983272833 0.9571236183577537 0.4388257581158515 0.9819216981476517 0.4638069675573485 0.9968005278589568 0.45939850458747467 0.9959739463890329 0.41825297128366756 0.9703492851292111 0.3947412494987949 0.9430713701163723 0.37416850302717164 0.8976082995125336 0.38886333923285715 0.8901688846568809 0.41090557336110506