0 0.63671875 0.2725694444444444 0.6513671875 0.2638888888888889 0.65234375 0.24479166666666666 0.62109375 0.1996527777777778 0.6171875 0.18229166666666666 0.6171875 0.1579861111111111 0.6142578125 0.14930555555555555 0.6103515625 0.14930555555555555 0.607421875 0.1579861111111111 0.609375 0.21006944444444445 0.60546875 0.2204861111111111 0.60546875 0.2621527777777778 0.607421875 0.2690972222222222 0.6123046875 0.2743055555555556
0 0.466796875 0.2482638888888889 0.4736328125 0.24305555555555555 0.4794921875 0.24305555555555555 0.484375 0.234375 0.4814453125 0.22916666666666666 0.4736328125 0.2326388888888889 0.4599609375 0.2222222222222222 0.4453125 0.22743055555555555 0.4453125 0.24479166666666666 0.4482421875 0.25
0 0.4140625 0.2517361111111111 0.419921875 0.2482638888888889 0.419921875 0.2378472222222222 0.421875 0.234375 0.421875 0.2204861111111111 0.4189453125 0.2152777777777778 0.4072265625 0.2152777777777778 0.396484375 0.22395833333333334 0.39453125 0.234375 0.3994140625 0.25
0 0.58984375 0.4600694444444444 0.595703125 0.4565972222222222 0.595703125 0.328125 0.5927734375 0.3229166666666667 0.5888671875 0.3263888888888889 0.5634765625 0.3263888888888889 0.560546875 0.3315972222222222 0.55859375 0.453125 0.5693359375 0.4548611111111111 0.5712890625 0.4583333333333333 0.5830078125 0.4583333333333333 0.5849609375 0.4618055555555556
0 0.685546875 0.5260416666666666 0.689453125 0.5190972222222222 0.689453125 0.5086805555555556 0.6826171875 0.5 0.677734375 0.5052083333333334 0.67578125 0.515625 0.6806640625 0.5277777777777778
0 0.6171875 0.6788194444444444 0.62109375 0.671875 0.615234375 0.6649305555555556 0.609375 0.6475694444444444 0.6025390625 0.6388888888888888 0.5966796875 0.6388888888888888 0.595703125 0.6649305555555556 0.6044921875 0.6770833333333334
0 0.693359375 0.6788194444444444 0.6982421875 0.6770833333333334 0.712890625 0.6614583333333334 0.6982421875 0.6423611111111112 0.6943359375 0.6423611111111112 0.6904296875 0.6493055555555556 0.67578125 0.6510416666666666 0.67578125 0.6649305555555556 0.6845703125 0.6805555555555556
0 0.453125 0.6232638888888888 0.458984375 0.6128472222222222 0.4580078125 0.6041666666666666 0.4462890625 0.6041666666666666 0.4443359375 0.6076388888888888 0.4326171875 0.6041666666666666 0.423828125 0.6163194444444444 0.4306640625 0.625
0 0.6686396019271537 0.8884876087839207 0.7116229281212211 0.8958350067064832 0.730634755995314 0.9075909079594803 0.7438604227667718 0.920816256508541 0.7438604227667718 0.938450027666915 0.7364210079111192 0.9516753762159761 0.6752524353128824 0.9575533268424743 0.6264829480161793 0.9854735519577819 0.5851528755751286 0.9869429992538454 0.5620080495382475 0.9913514218631585 0.5157183066513155 0.9913514218631585 0.4942266435542815 0.9869429992538454 0.49009364539149364 0.9751870980008486 0.5124118899584512 0.9707786753915352 0.5463025475438493 0.9649007247650367 0.5942454533706286 0.9516753762159759 0.6215233683834676 0.9296331824482889 0.6438416129504251 0.9134688585859788 0.654587444498942 0.8943655594104195
0 0.7276217142740886 0.527690509008983 0.7207155059167208 0.5549149197441501 0.7281549207723735 0.5740182189197094 0.7422071690137546 0.5696097963103961 0.7455135857066194 0.5578538950573991 0.7430337504836786 0.5372811485857759 0.7380741708509668 0.5299337506632136
0 0.00961576189313617 0.572664053982528 0.028849924341038665 0.5754876662157733 0.05034158743807245 0.582835144859457 0.06935341531216557 0.5945909653913325 0.08009924686068252 0.5901825427820195 0.09084503300261462 0.5798961695462079 0.07844603851425033 0.5945909653913327 0.07844603851425033 0.6107552892536429 0.11233669609964837 0.6122247365497067 0.10985690628329246 0.5813656168422718 0.08836524318625866 0.5637318456838977 0.05943416523357235 0.5505064971348368 0.04372875405234368 0.5416895711950891 0.026370134524682776 0.5372811485857758 0.0007454732648608742 0.5402201238990251
0 0.21814171242521557 0.5828351448594572 0.22062150224157145 0.5387505958818397 0.23384712360644422 0.5152388740969673 0.2437663736850375 0.5446285465083384 0.23467375048295278 0.5637318456838978 0.21731513095529192 0.5828351448594571
0 0.2346737504829527 0.5887130147648341 0.2503791616641814 0.5754876662157733 0.25533878670347804 0.597529940704582 0.2412865384620968 0.6063468666443296 0.2305407523201647 0.6063468666443295
0 0.637228779564696 0.6783515600161324 0.6636800222944417 0.6989243064877556 0.6504543555229841 0.7224360282726281 0.6215233683834676 0.7253750035858774 0.5868060385149759 0.7106801270196312 0.5917657089608575 0.701863281801005 0.620696696100374 0.6871684052347586 0.6289627832391199 0.6783515600161325
0 0.7276217142740886 0.4271614084798823 0.7479934209295597 0.4770323564669702 0.7521264190923479 0.48878817699884564 0.7546062543152886 0.49319659960815865 0.7579125801949834 0.4696848778232863 0.7504731653393311 0.44470366838178915 0.733114591218255 0.40943608570448053
0 0.39751425043079913 0.36535157708742405 0.393381252268011 0.41678352398760365 0.39834092271389243 0.4491121313516631 0.4256187469135618 0.4520511066649123 0.44297741184780753 0.44617315603841373 0.4636424026617479 0.43294780748935296 0.47025523604747677 0.3873938515762325 0.46777540082453606 0.3300839944101153 0.4578562415591125 0.35653469150823697 0.44793699148051924 0.38886333923285715 0.4330581617692142 0.4064971103912311 0.4239654931605448 0.3873938515762325 0.4165260783048923 0.37416850302717164 0.40495366528645166 0.3609431544781108