0 0.98046875 0.3211805555555556 0.9853515625 0.3194444444444444 0.98828125 0.3142361111111111 0.98828125 0.3003472222222222 0.9833984375 0.2881944444444444 0.9736328125 0.2916666666666667 0.970703125 0.296875 0.970703125 0.3072916666666667 0.96875 0.3107638888888889 0.9697265625 0.3229166666666667
0 0.80859375 0.2760416666666667 0.8115234375 0.2743055555555556 0.81640625 0.2621527777777778 0.8115234375 0.2465277777777778 0.7958984375 0.24305555555555555 0.7890625 0.2517361111111111 0.78515625 0.265625 0.7880859375 0.2708333333333333 0.7939453125 0.2708333333333333 0.7998046875 0.2777777777777778
0 0.70703125 0.2482638888888889 0.7099609375 0.23958333333333334 0.716796875 0.234375 0.716796875 0.22395833333333334 0.7138671875 0.21875 0.7001953125 0.21180555555555555 0.6845703125 0.1909722222222222 0.68359375 0.19618055555555555 0.6875 0.2065972222222222 0.6875 0.21354166666666666 0.6953125 0.22743055555555555 0.6953125 0.234375 0.7041015625 0.25
0 0.90625 0.3315972222222222 0.9208984375 0.3263888888888889 0.923828125 0.3107638888888889 0.9267578125 0.3055555555555556 0.935546875 0.3003472222222222 0.9375 0.2864583333333333 0.9345703125 0.28125 0.9326171875 0.2847222222222222 0.9267578125 0.2847222222222222 0.9208984375 0.2951388888888889 0.9091796875 0.3020833333333333 0.900390625 0.3177083333333333 0.900390625 0.328125 0.9033203125 0.3333333333333333
0 0.455078125 0.4635416666666667 0.455078125 0.4565972222222222 0.4501953125 0.4444444444444444 0.4345703125 0.4305555555555556 0.4287109375 0.4305555555555556 0.4208984375 0.4236111111111111 0.3994140625 0.4236111111111111 0.3955078125 0.4166666666666667 0.3896484375 0.4166666666666667 0.3798828125 0.4097222222222222 0.376953125 0.4114583333333333 0.376953125 0.4184027777777778 0.3857421875 0.4305555555555556 0.4033203125 0.4340277777777778 0.4111328125 0.4409722222222222 0.4169921875 0.4409722222222222 0.4248046875 0.4513888888888889 0.4423828125 0.4652777777777778
0 0.25390625 0.3628472222222222 0.259765625 0.3559027777777778 0.255859375 0.3524305555555556 0.25 0.3315972222222222 0.2392578125 0.3125 0.2236328125 0.2951388888888889 0.2177734375 0.28125 0.2138671875 0.2777777777777778 0.1904296875 0.28125 0.1767578125 0.2673611111111111 0.1650390625 0.2708333333333333 0.16015625 0.2760416666666667 0.162109375 0.3038194444444444 0.1650390625 0.3090277777777778 0.2333984375 0.3472222222222222 0.2451171875 0.3645833333333333
0 0.61328125 0.4565972222222222 0.6240234375 0.4548611111111111 0.625 0.4496527777777778 0.6123046875 0.4375 0.60546875 0.4253472222222222 0.60546875 0.4184027777777778 0.59765625 0.390625 0.599609375 0.3489583333333333 0.595703125 0.328125 0.5888671875 0.3194444444444444 0.5859375 0.3072916666666667 0.5732421875 0.2881944444444444 0.5615234375 0.2847222222222222 0.5595703125 0.28125 0.5517578125 0.28125 0.5498046875 0.2847222222222222 0.5419921875 0.28125 0.533203125 0.3211805555555556 0.53515625 0.3246527777777778 0.537109375 0.3524305555555556 0.544921875 0.3732638888888889 0.560546875 0.4079861111111111 0.578125 0.4357638888888889 0.5810546875 0.4479166666666667 0.5966796875 0.4583333333333333
0 0.876953125 0.24131944444444445 0.880859375 0.234375 0.880859375 0.22395833333333334 0.8828125 0.2204861111111111 0.8828125 0.203125 0.8798828125 0.19791666666666666 0.875 0.203125 0.873046875 0.22395833333333334 0.865234375 0.2378472222222222 0.8681640625 0.24305555555555555
0 0.26525799137548645 0.37857692563648476 0.3156807324252066 0.3903327865289211 0.3454383464412317 0.39327176184217044 0.35618417798974866 0.39033278652892117 0.38676841888228225 0.403558135077982 0.4074335005093924 0.41825297128366756 0.41735275058798565 0.41678352398760365 0.3875950911653757 0.3785769256364849 0.36693000953826543 0.34771780592905 0.35122459835703684 0.33743139233267766 0.32559993709721496 0.3389008799893023 0.2983220674909608 0.33449245737998917 0.272697406231139 0.3286145067534905 0.2594717848662661 0.3330229697233645 0.2586452033963424 0.3506567408817384 0.2569919950499102 0.3668210647440485
0 0.8563419523693269 0.2631402444587183 0.8413993973601781 0.30069432199874435 0.8380929806673136 0.31685864586105444 0.8711570567827881 0.3330229697233646 0.8843826327410758 0.31979762117430366 0.8909954661268048 0.29481641173280654 0.8835560512711524 0.26689622697806026 0.8686772215598473 0.2566098133816878
0 0.7942830730033222 0.1846051603704457 0.7992427434492037 0.21693376773450526 0.80750873977478 0.21693376773450526 0.8091619027146274 0.19929999657613126 0.8058554860217629 0.18754413568369502
0 0.007358261244004864 0.2815910631837457 0.010664677936869291 0.30363329731199357 0.008184888120513437 0.3109806952345558 0.0007454732648608889 0.3124501828911805 0.0007454732648608807 0.2771826002138718